0.9949659934609315  -0.0005626400739854362
0.994560695172531  -0.0008913613237559518
0.9952704079983028  -0.001413721169890548
0.994726062128132  -0.0019905538538550122
0.9939698210437593  -0.0031524231638630253
0.993267168072271  -0.005070760413521442
0.9900466827397141  -0.007271188008602661
0.9832591962669974  -0.0021337879845321457
0.937839292484599  -0.23119142141543783
0.8647917430491122  -0.3420241590196145
0.7060128791911093  -0.4645579506127739
0.4931701019379833  -0.5018935527523505
0.29402639168373657  -0.44643101085497183
0.16249102085782555  -0.2816090350110021
0.08208228356966354  -0.21698524123803084
0.0279772325257047  -0.14666178898955826
