0.05920211952138844   -0.0006011058538432872
0.05886669967790407   -0.0006046146649507783
0.0586268055526697   -0.0005789766722481617
0.05854794210870421   -0.0005471385005085832
0.05868288897492551   -0.0007717779871348706
0.05851508510757354   -0.001414814572068389
0.05825625485932188   -0.002068368044353636
0.05754861517217304   -0.003026637508773359
0.05626045988134029   -0.003948505032843486
0.054376707076980405   -0.004367427531020691
0.05248401787413546   -0.003936100322993708
0.05119777943729517   -0.003003632398987686
0.050519521419843866   -0.002061650777681268
0.05021218619199248   -0.0013505382931957087
0.050087177850706696   -0.0008647391348290596
0.0500345206718253   -0.0005482762675227596
0.05001391439239466   -0.00034702571543721744
0.05000498856403994   -0.00021927618619690972
0.050001936560642446   -0.00013822239098349235
0.050000697108130626   -8.732937064381102e-05
