   Time             Iac2              Iac1              Vac1              Vac2            
 8.000010000E-001 -3.305040686E-003  1.358319679E-003  3.983098090E+000  3.983005438E+000 
 8.000020000E-001 -3.314180486E-003  1.376562864E-003  3.983100427E+000  3.983003162E+000 
 8.000030000E-001 -3.323254116E-003  1.394457882E-003  3.983102780E+000  3.983000878E+000 
 8.000040000E-001 -3.332261578E-003  1.411919470E-003  3.983105148E+000  3.982998588E+000 
 8.000050000E-001 -3.341201982E-003  1.428858809E-003  3.983107530E+000  3.982996292E+000 
 8.000060000E-001 -3.350074884E-003  1.445187081E-003  3.983109926E+000  3.982993989E+000 
 8.000070000E-001 -3.358881617E-003  1.460820798E-003  3.983112335E+000  3.982991679E+000 
 8.000080000E-001 -3.367620849E-003  1.475669364E-003  3.983114756E+000  3.982989363E+000 
 8.000090000E-001 -3.376292579E-003  1.489651069E-003  3.983117188E+000  3.982987041E+000 
 8.000100000E-001 -3.384896363E-003  1.502680647E-003  3.983119630E+000  3.982984712E+000 
 8.000110000E-001 -3.393432646E-003  1.514671055E-003  3.983122081E+000  3.982982377E+000 
 8.000120000E-001 -3.401901427E-003  1.525540583E-003  3.983124540E+000  3.982980036E+000 
 8.000130000E-001 -3.410301375E-003  1.535205740E-003  3.983127006E+000  3.982977689E+000 
 8.000140000E-001 -3.418633376E-003  1.543583039E-003  3.983129477E+000  3.982975337E+000 
 8.000150000E-001 -3.426896988E-003  1.550590767E-003  3.983131952E+000  3.982972978E+000 
 8.000160000E-001 -3.435091767E-003  1.556147211E-003  3.983134429E+000  3.982970613E+000 
 8.000170000E-001 -3.443218155E-003  1.560174212E-003  3.983136907E+000  3.982968243E+000 
 8.000180000E-001 -3.451275266E-003  1.562591834E-003  3.983139384E+000  3.982965867E+000 
 8.000190000E-001 -3.459263542E-003  1.563318364E-003  3.983141858E+000  3.982963486E+000 
 8.000200000E-001 -3.467182097E-003  1.562280971E-003  3.983144329E+000  3.982961098E+000 
 8.000210000E-001 -3.475031374E-003  1.559397944E-003  3.983146792E+000  3.982958706E+000 
 8.000220000E-001 -3.482810929E-003  1.554598228E-003  3.983149248E+000  3.982956308E+000 
 8.000230000E-001 -3.490521205E-003  1.547801887E-003  3.983151693E+000  3.982953905E+000 
 8.000240000E-001 -3.498160872E-003  1.538939642E-003  3.983154126E+000  3.982951497E+000 
 8.000250000E-001 -3.505730817E-003  1.527935112E-003  3.983156545E+000  3.982949083E+000 
 8.000260000E-001 -3.512454327E-003  1.514839809E-003  3.983158942E+000  3.982946665E+000 
 8.000270000E-001 -3.516995140E-003  1.501801350E-003  3.983161325E+000  3.982944246E+000 
 8.000280000E-001 -3.519947001E-003  1.488738022E-003  3.983163696E+000  3.982941827E+000 
 8.000290000E-001 -3.520837399E-003  1.475646272E-003  3.983166051E+000  3.982939412E+000 
 8.000300000E-001 -3.519750713E-003  1.462524324E-003  3.983168391E+000  3.982937001E+000 
 8.000310000E-001 -3.516773539E-003  1.449372178E-003  3.983170716E+000  3.982934596E+000 
 8.000320000E-001 -3.511992475E-003  1.436191610E-003  3.983173025E+000  3.982932199E+000 
 8.000330000E-001 -3.505494561E-003  1.422982621E-003  3.983175319E+000  3.982929812E+000 
 8.000340000E-001 -3.497368173E-003  1.409743433E-003  3.983177597E+000  3.982927437E+000 
 8.000350000E-001 -3.487700795E-003  1.396475824E-003  3.983179859E+000  3.982925074E+000 
 8.000360000E-001 -3.476582577E-003  1.383179793E-003  3.983182106E+000  3.982922726E+000 
 8.000370000E-001 -3.464101450E-003  1.369855340E-003  3.983184337E+000  3.982920393E+000 
 8.000380000E-001 -3.450347563E-003  1.356504242E-003  3.983186553E+000  3.982918076E+000 
 8.000390000E-001 -3.435411955E-003  1.343124723E-003  3.983188753E+000  3.982915778E+000 
 8.000400000E-001 -3.419382999E-003  1.329718557E-003  3.983190937E+000  3.982913498E+000 
 8.000410000E-001 -3.402352178E-003  1.316285747E-003  3.983193106E+000  3.982911238E+000 
 8.000420000E-001 -3.384410974E-003  1.302824515E-003  3.983195259E+000  3.982908999E+000 
 8.000430000E-001 -3.365650425E-003  1.289338414E-003  3.983197396E+000  3.982906782E+000 
 8.000440000E-001 -3.346161126E-003  1.275825667E-003  3.983199518E+000  3.982904586E+000 
 8.000450000E-001 -3.326034115E-003  1.262286276E-003  3.983201624E+000  3.982902413E+000 
 8.000460000E-001 -3.305362206E-003  1.248723791E-003  3.983203714E+000  3.982900263E+000 
 8.000470000E-001 -3.284235550E-003  1.235132885E-003  3.983205789E+000  3.982898137E+000 
 8.000480000E-001 -3.262746961E-003  1.221517110E-003  3.983207848E+000  3.982896035E+000 
 8.000490000E-001 -3.240986590E-003  1.207878242E-003  3.983209891E+000  3.982893956E+000 
 8.000500000E-001 -3.219046363E-003  1.194214505E-003  3.983211919E+000  3.982891902E+000 
 8.000510000E-001 -3.197018650E-003  1.180525899E-003  3.983213931E+000  3.982889871E+000 
 8.000520000E-001 -3.174993157E-003  1.166814201E-003  3.983215927E+000  3.982887865E+000 
 8.000530000E-001 -3.153061812E-003  1.153077633E-003  3.983217907E+000  3.982885883E+000 
 8.000540000E-001 -3.131315207E-003  1.139317973E-003  3.983219872E+000  3.982883924E+000 
 8.000550000E-001 -3.109843494E-003  1.125535221E-003  3.983221820E+000  3.982881989E+000 
 8.000560000E-001 -3.088737710E-003  1.111729375E-003  3.983223753E+000  3.982880077E+000 
 8.000570000E-001 -3.068087118E-003  1.097902214E-003  3.983225671E+000  3.982878186E+000 
 8.000580000E-001 -3.047981423E-003  1.084051959E-003  3.983227572E+000  3.982876318E+000 
 8.000590000E-001 -3.028509887E-003  1.070178612E-003  3.983229458E+000  3.982874471E+000 
 8.000600000E-001 -3.009761329E-003  1.056283949E-003  3.983231328E+000  3.982872644E+000 
 8.000610000E-001 -2.991824122E-003  1.042367970E-003  3.983233182E+000  3.982870836E+000 
 8.000620000E-001 -2.974785751E-003  1.028430674E-003  3.983235020E+000  3.982869047E+000 
 8.000630000E-001 -2.958733258E-003  1.014472062E-003  3.983236842E+000  3.982867275E+000 
 8.000640000E-001 -2.943753241E-003  1.000493910E-003  3.983238649E+000  3.982865519E+000 
 8.000650000E-001 -2.929931853E-003  9.864962180E-004  3.983240440E+000  3.982863778E+000 
 8.000660000E-001 -2.917354802E-003  9.724772099E-004  3.983242215E+000  3.982862051E+000 
 8.000670000E-001 -2.906106467E-003  9.584368854E-004  3.983243974E+000  3.982860336E+000 
 8.000680000E-001 -2.896270335E-003  9.443787974E-004  3.983245717E+000  3.982858632E+000 
 8.000690000E-001 -2.887930339E-003  9.303011694E-004  3.983247445E+000  3.982856938E+000 
 8.000700000E-001 -2.881168193E-003  9.162057779E-004  3.983249156E+000  3.982855251E+000 
 8.000710000E-001 -2.876065608E-003  9.020890701E-004  3.983250852E+000  3.982853570E+000 
 8.000720000E-001 -2.872703853E-003  8.879563751E-004  3.983252532E+000  3.982851893E+000 
 8.000730000E-001 -2.871161531E-003  8.738041402E-004  3.983254196E+000  3.982850219E+000 
 8.000740000E-001 -2.871615390E-003  8.593854517E-004  3.983255845E+000  3.982848545E+000 
 8.000750000E-001 -2.872670546E-003  8.469065449E-004  3.983257476E+000  3.982846871E+000 
 8.000760000E-001 -2.873682625E-003  8.358522763E-004  3.983259099E+000  3.982845198E+000 
 8.000770000E-001 -2.874636973E-003  8.266400897E-004  3.983260712E+000  3.982843525E+000 
 8.000780000E-001 -2.875534033E-003  8.191918255E-004  3.983262316E+000  3.982841853E+000 
 8.000790000E-001 -2.876373362E-003  8.134257712E-004  3.983263915E+000  3.982840183E+000 
 8.000800000E-001 -2.877155403E-003  8.092637671E-004  3.983265508E+000  3.982838513E+000 
 8.000810000E-001 -2.877879712E-003  8.066241008E-004  3.983267097E+000  3.982836844E+000 
 8.000820000E-001 -2.878546290E-003  8.054268363E-004  3.983268685E+000  3.982835176E+000 
 8.000830000E-001 -2.879155581E-003  8.055867085E-004  3.983270272E+000  3.982833509E+000 
 8.000840000E-001 -2.879707139E-003  8.070237811E-004  3.983271859E+000  3.982831843E+000 
 8.000850000E-001 -2.880200967E-003  8.096545656E-004  3.983273448E+000  3.982830179E+000 
 8.000860000E-001 -2.880637062E-003  8.133991258E-004  3.983275040E+000  3.982828516E+000 
 8.000870000E-001 -2.881015426E-003  8.181721967E-004  3.983276635E+000  3.982826854E+000 
 8.000880000E-001 -2.881336503E-003  8.238902893E-004  3.983278235E+000  3.982825193E+000 
 8.000890000E-001 -2.881599848E-003  8.304699151E-004  3.983279841E+000  3.982823534E+000 
 8.000900000E-001 -2.881805461E-003  8.378275851E-004  3.983281452E+000  3.982821877E+000 
 8.000910000E-001 -2.881953343E-003  8.458798106E-004  3.983283071E+000  3.982820220E+000 
 8.000920000E-001 -2.882043493E-003  8.545431029E-004  3.983284696E+000  3.982818566E+000 
 8.000930000E-001 -2.882076355E-003  8.637321969E-004  3.983286330E+000  3.982816913E+000 
 8.000940000E-001 -2.882051042E-003  8.733618273E-004  3.983287972E+000  3.982815262E+000 
 8.000950000E-001 -2.881968442E-003  8.833502818E-004  3.983289622E+000  3.982813613E+000 
 8.000960000E-001 -2.881828109E-003  8.936105189E-004  3.983291281E+000  3.982811965E+000 
 8.000970000E-001 -2.881629602E-003  9.040626026E-004  3.983292949E+000  3.982810319E+000 
 8.000980000E-001 -2.881373806E-003  9.146177149E-004  3.983294626E+000  3.982808676E+000 
 8.000990000E-001 -2.881060723E-003  9.251976962E-004  3.983296312E+000  3.982807034E+000 
 8.001000000E-001 -2.880689465E-003  9.357137287E-004  3.983298006E+000  3.982805394E+000 
 8.001010000E-001 -2.880260919E-003  9.460858763E-004  3.983299709E+000  3.982803756E+000 
 8.001020000E-001 -2.879774197E-003  9.562270975E-004  3.983301421E+000  3.982802121E+000 
 8.001030000E-001 -2.879230188E-003  9.660592326E-004  3.983303140E+000  3.982800488E+000 
 8.001040000E-001 -2.878628447E-003  9.754970165E-004  3.983304867E+000  3.982798857E+000 
 8.001050000E-001 -2.877969418E-003  9.844587368E-004  3.983306601E+000  3.982797228E+000 
 8.001060000E-001 -2.877252658E-003  9.928626810E-004  3.983308342E+000  3.982795602E+000 
 8.001070000E-001 -2.876478167E-003  1.000623584E-003  3.983310088E+000  3.982793978E+000 
 8.001080000E-001 -2.875646388E-003  1.007666839E-003  3.983311839E+000  3.982792356E+000 
 8.001090000E-001 -2.874756877E-003  1.013907180E-003  3.983313594E+000  3.982790737E+000 
 8.001100000E-001 -2.873809635E-003  1.019268225E-003  3.983315353E+000  3.982789121E+000 
 8.001110000E-001 -2.872805105E-003  1.023664709E-003  3.983317113E+000  3.982787507E+000 
 8.001120000E-001 -2.871743288E-003  1.027025576E-003  3.983318875E+000  3.982785897E+000 
 8.001130000E-001 -2.870623295E-003  1.029263785E-003  3.983320636E+000  3.982784288E+000 
 8.001140000E-001 -2.869446902E-003  1.030308283E-003  3.983322397E+000  3.982782683E+000 
 8.001150000E-001 -2.868211890E-003  1.030079133E-003  3.983324154E+000  3.982781081E+000 
 8.001160000E-001 -2.866920479E-003  1.028501728E-003  3.983325908E+000  3.982779481E+000 
 8.001170000E-001 -2.865571780E-003  1.025497909E-003  3.983327656E+000  3.982777884E+000 
 8.001180000E-001 -2.864164905E-003  1.020994844E-003  3.983329397E+000  3.982776291E+000 
 8.001190000E-001 -2.862701187E-003  1.014917927E-003  3.983331129E+000  3.982774700E+000 
 8.001200000E-001 -2.861180182E-003  1.007190775E-003  3.983332852E+000  3.982773113E+000 
 8.001210000E-001 -2.859601889E-003  9.977476623E-004  3.983334562E+000  3.982771529E+000 
 8.001220000E-001 -2.857965864E-003  9.865122053E-004  3.983336258E+000  3.982769948E+000 
 8.001230000E-001 -2.856272996E-003  9.734151263E-004  3.983337939E+000  3.982768370E+000 
 8.001240000E-001 -2.854523729E-003  9.583853711E-004  3.983339602E+000  3.982766796E+000 
 8.001250000E-001 -2.852716285E-003  9.413572144E-004  3.983341245E+000  3.982765225E+000 
 8.001260000E-001 -2.850852443E-003  9.222596020E-004  3.983342866E+000  3.982763658E+000 
 8.001270000E-001 -2.849005032E-003  9.008918056E-004  3.983344463E+000  3.982762094E+000 
 8.001280000E-001 -2.844991798E-003  8.790106421E-004  3.983346031E+000  3.982760538E+000 
 8.001290000E-001 -2.839412261E-003  8.571152676E-004  3.983347581E+000  3.982758989E+000 
 8.001300000E-001 -2.831805013E-003  8.352021297E-004  3.983349108E+000  3.982757449E+000 
 8.001310000E-001 -2.822261091E-003  8.132712281E-004  3.983350611E+000  3.982755922E+000 
 8.001320000E-001 -2.810871980E-003  7.913225630E-004  3.983352090E+000  3.982754409E+000 
 8.001330000E-001 -2.797728715E-003  7.693579107E-004  3.983353547E+000  3.982752911E+000 
 8.001340000E-001 -2.782924557E-003  7.473790475E-004  3.983354979E+000  3.982751431E+000 
 8.001350000E-001 -2.766552765E-003  7.253841972E-004  3.983356389E+000  3.982749969E+000 
 8.001360000E-001 -2.748705263E-003  7.033751359E-004  3.983357774E+000  3.982748527E+000 
 8.001370000E-001 -2.729477533E-003  6.813500875E-004  3.983359137E+000  3.982747106E+000 
 8.001380000E-001 -2.708962832E-003  6.593126045E-004  3.983360476E+000  3.982745708E+000 
 8.001390000E-001 -2.687256639E-003  6.372609107E-004  3.983361791E+000  3.982744334E+000 
 8.001400000E-001 -2.664452659E-003  6.151967824E-004  3.983363084E+000  3.982742984E+000 
 8.001410000E-001 -2.640647256E-003  5.931202196E-004  3.983364353E+000  3.982741661E+000 
 8.001420000E-001 -2.615935468E-003  5.710294460E-004  3.983365598E+000  3.982740363E+000 
 8.001430000E-001 -2.590413217E-003  5.489297905E-004  3.983366820E+000  3.982739093E+000 
 8.001440000E-001 -2.564175539E-003  5.268159242E-004  3.983368019E+000  3.982737851E+000 
 8.001450000E-001 -2.537318800E-003  5.046931761E-004  3.983369194E+000  3.982736637E+000 
 8.001460000E-001 -2.509939367E-003  4.825597699E-004  3.983370346E+000  3.982735452E+000 
 8.001470000E-001 -2.482132277E-003  4.604157056E-004  3.983371475E+000  3.982734296E+000 
 8.001480000E-001 -2.453994785E-003  4.382609831E-004  3.983372580E+000  3.982733170E+000 
 8.001490000E-001 -2.425621926E-003  4.161009315E-004  3.983373663E+000  3.982732073E+000 
 8.001500000E-001 -2.397109622E-003  3.939302218E-004  3.983374722E+000  3.982731006E+000 
 8.001510000E-001 -2.368553798E-003  3.717506303E-004  3.983375757E+000  3.982729969E+000 
 8.001520000E-001 -2.340050376E-003  3.495621570E-004  3.983376770E+000  3.982728961E+000 
 8.001530000E-001 -2.311693947E-003  3.273701310E-004  3.983377759E+000  3.982727983E+000 
 8.001540000E-001 -2.283580436E-003  3.051674469E-004  3.983378725E+000  3.982727033E+000 
 8.001550000E-001 -2.255803544E-003  2.829594337E-004  3.983379668E+000  3.982726113E+000 
 8.001560000E-001 -2.228458751E-003  2.607460914E-004  3.983380587E+000  3.982725220E+000 
 8.001570000E-001 -2.201639759E-003  2.385291964E-004  3.983381484E+000  3.982724354E+000 
 8.001580000E-001 -2.175440716E-003  2.163051960E-004  3.983382357E+000  3.982723516E+000 
 8.001590000E-001 -2.149953993E-003  1.940776428E-004  3.983383207E+000  3.982722703E+000 
 8.001600000E-001 -2.125272847E-003  1.718447606E-004  3.983384035E+000  3.982721916E+000 
 8.001610000E-001 -2.101489649E-003  1.496083257E-004  3.983384839E+000  3.982721152E+000 
 8.001620000E-001 -2.078696326E-003  1.273665617E-004  3.983385620E+000  3.982720412E+000 
 8.001630000E-001 -2.056983028E-003  1.051247978E-004  3.983386378E+000  3.982719694E+000 
 8.001640000E-001 -2.036441238E-003  8.287948106E-005  3.983387113E+000  3.982718996E+000 
 8.001650000E-001 -2.017160217E-003  6.063416436E-005  3.983387825E+000  3.982718317E+000 
 8.001660000E-001 -1.999229671E-003  3.838529494E-005  3.983388514E+000  3.982717657E+000 
 8.001670000E-001 -1.982736642E-003  1.613642553E-005  3.983389180E+000  3.982717013E+000 
 8.001680000E-001 -1.967769503E-003 -6.114220241E-006  3.983389823E+000  3.982716384E+000 
 8.001690000E-001 -1.954415740E-003 -2.836308965E-005  3.983390443E+000  3.982715768E+000 
 8.001700000E-001 -1.942760175E-003 -5.061373543E-005  3.983391040E+000  3.982715164E+000 
 8.001710000E-001 -1.932887628E-003 -7.286260484E-005  3.983391615E+000  3.982714569E+000 
 8.001720000E-001 -1.924883364E-003 -9.511147425E-005  3.983392166E+000  3.982713981E+000 
 8.001730000E-001 -1.918953885E-003 -1.174296216E-004  3.983392694E+000  3.982713400E+000 
 8.001740000E-001 -1.913448955E-003 -1.377529202E-004  3.983393198E+000  3.982712826E+000 
 8.001750000E-001 -1.907914271E-003 -1.566196062E-004  3.983393688E+000  3.982712256E+000 
 8.001760000E-001 -1.902341840E-003 -1.735926958E-004  3.983394162E+000  3.982711692E+000 
 8.001770000E-001 -1.896731661E-003 -1.887467960E-004  3.983394621E+000  3.982711135E+000 
 8.001780000E-001 -1.891083290E-003 -2.021547374E-004  3.983395067E+000  3.982710584E+000 
 8.001790000E-001 -1.885396728E-003 -2.138982325E-004  3.983395501E+000  3.982710039E+000 
 8.001800000E-001 -1.879673306E-003 -2.240501118E-004  3.983395926E+000  3.982709500E+000 
 8.001810000E-001 -1.873912137E-003 -2.326885351E-004  3.983396343E+000  3.982708968E+000 
 8.001820000E-001 -1.868113220E-003 -2.398881094E-004  3.983396752E+000  3.982708442E+000 
 8.001830000E-001 -1.862277443E-003 -2.457305470E-004  3.983397156E+000  3.982707923E+000 
 8.001840000E-001 -1.856404364E-003 -2.502904550E-004  3.983397556E+000  3.982707409E+000 
 8.001850000E-001 -1.850493980E-003 -2.536495458E-004  3.983397953E+000  3.982706903E+000 
 8.001860000E-001 -1.844547182E-003 -2.558877554E-004  3.983398347E+000  3.982706402E+000 
 8.001870000E-001 -1.838562635E-003 -2.570814672E-004  3.983398740E+000  3.982705909E+000 
 8.001880000E-001 -1.832542118E-003 -2.573088409E-004  3.983399134E+000  3.982705422E+000 
 8.001890000E-001 -1.826485185E-003 -2.566551416E-004  3.983399528E+000  3.982704941E+000 
 8.001900000E-001 -1.820391393E-003 -2.551967526E-004  3.983399923E+000  3.982704467E+000 
 8.001910000E-001 -1.814261630E-003 -2.530153864E-004  3.983400321E+000  3.982704000E+000 
 8.001920000E-001 -1.808095007E-003 -2.501874263E-004  3.983400721E+000  3.982703539E+000 
 8.001930000E-001 -1.801892413E-003 -2.467981375E-004  3.983401124E+000  3.982703085E+000 
 8.001940000E-001 -1.795654736E-003 -2.429274559E-004  3.983401532E+000  3.982702638E+000 
 8.001950000E-001 -1.789380200E-003 -2.386553177E-004  3.983401943E+000  3.982702197E+000 
 8.001960000E-001 -1.783070136E-003 -2.340581062E-004  3.983402359E+000  3.982701763E+000 
 8.001970000E-001 -1.776724989E-003 -2.292228629E-004  3.983402779E+000  3.982701336E+000 
 8.001980000E-001 -1.770343871E-003 -2.242259711E-004  3.983403204E+000  3.982700916E+000 
 8.001990000E-001 -1.763927671E-003 -2.191491433E-004  3.983403634E+000  3.982700503E+000 
 8.002000000E-001 -1.757476387E-003 -2.140723154E-004  3.983404068E+000  3.982700096E+000 
 8.002010000E-001 -1.750989576E-003 -2.090754236E-004  3.983404507E+000  3.982699697E+000 
 8.002020000E-001 -1.744468126E-003 -2.042401803E-004  3.983404950E+000  3.982699304E+000 
 8.002030000E-001 -1.737912037E-003 -1.996411925E-004  3.983405397E+000  3.982698918E+000 
 8.002040000E-001 -1.731320864E-003 -1.953619488E-004  3.983405848E+000  3.982698540E+000 
 8.002050000E-001 -1.724695498E-003 -1.914841619E-004  3.983406302E+000  3.982698168E+000 
 8.002060000E-001 -1.718035936E-003 -1.880788858E-004  3.983406758E+000  3.982697804E+000 
 8.002070000E-001 -1.711341291E-003 -1.852296094E-004  3.983407217E+000  3.982697446E+000 
 8.002080000E-001 -1.704612895E-003 -1.830144924E-004  3.983407678E+000  3.982697096E+000 
 8.002090000E-001 -1.697850749E-003 -1.815099182E-004  3.983408139E+000  3.982696752E+000 
 8.002100000E-001 -1.691054408E-003 -1.807922700E-004  3.983408600E+000  3.982696416E+000 
 8.002110000E-001 -1.684224316E-003 -1.809379313E-004  3.983409059E+000  3.982696088E+000 
 8.002120000E-001 -1.677361361E-003 -1.820250617E-004  3.983409517E+000  3.982695766E+000 
 8.002130000E-001 -1.670463767E-003 -1.841264918E-004  3.983409972E+000  3.982695451E+000 
 8.002140000E-001 -1.663533311E-003 -1.873186051E-004  3.983410423E+000  3.982695144E+000 
 8.002150000E-001 -1.656569992E-003 -1.916760084E-004  3.983410868E+000  3.982694844E+000 
 8.002160000E-001 -1.649573367E-003 -1.972733088E-004  3.983411306E+000  3.982694552E+000 
 8.002170000E-001 -1.642543879E-003 -2.041815605E-004  3.983411737E+000  3.982694267E+000 
 8.002180000E-001 -1.635481528E-003 -2.124718179E-004  3.983412158E+000  3.982693989E+000 
 8.002190000E-001 -1.628386315E-003 -2.222204643E-004  3.983412568E+000  3.982693718E+000 
 8.002200000E-001 -1.621259571E-003 -2.334932248E-004  3.983412966E+000  3.982693455E+000 
 8.002210000E-001 -1.614099521E-003 -2.463629301E-004  3.983413349E+000  3.982693200E+000 
 8.002220000E-001 -1.606907496E-003 -2.608970817E-004  3.983413717E+000  3.982692951E+000 
 8.002230000E-001 -1.599683941E-003 -2.771649577E-004  3.983414068E+000  3.982692711E+000 
 8.002240000E-001 -1.592427967E-003 -2.952340594E-004  3.983414399E+000  3.982692478E+000 
 8.002250000E-001 -1.585140463E-003 -3.151701122E-004  3.983414709E+000  3.982692252E+000 
 8.002260000E-001 -1.577820985E-003 -3.370423940E-004  3.983414995E+000  3.982692034E+000 
 8.002270000E-001 -1.570470420E-003 -3.609113008E-004  3.983415257E+000  3.982691824E+000 
 8.002280000E-001 -1.562521668E-003 -3.868141363E-004  3.983415484E+000  3.982691624E+000 
 8.002290000E-001 -1.552541207E-003 -4.126938791E-004  3.983415686E+000  3.982691435E+000 
 8.002300000E-001 -1.541091699E-003 -4.385665164E-004  3.983415868E+000  3.982691257E+000 
 8.002310000E-001 -1.527745486E-003 -4.644320484E-004  3.983416024E+000  3.982691093E+000 
 8.002320000E-001 -1.512595382E-003 -4.902851458E-004  3.983416154E+000  3.982690945E+000 
 8.002330000E-001 -1.495736424E-003 -5.161311378E-004  3.983416258E+000  3.982690815E+000 
 8.002340000E-001 -1.477263201E-003 -5.419664717E-004  3.983416337E+000  3.982690705E+000 
 8.002350000E-001 -1.457270304E-003 -5.677911474E-004  3.983416389E+000  3.982690615E+000 
 8.002360000E-001 -1.435854546E-003 -5.936033887E-004  3.983416415E+000  3.982690548E+000 
 8.002370000E-001 -1.413110517E-003 -6.194067481E-004  3.983416416E+000  3.982690504E+000 
 8.002380000E-001 -1.389135917E-003 -6.451958967E-004  3.983416390E+000  3.982690485E+000 
 8.002390000E-001 -1.364027113E-003 -6.709726108E-004  3.983416339E+000  3.982690492E+000 
 8.002400000E-001 -1.337880917E-003 -6.967351140E-004  3.983416263E+000  3.982690525E+000 
 8.002410000E-001 -1.310795028E-003 -7.224851828E-004  3.983416160E+000  3.982690586E+000 
 8.002420000E-001 -1.282866258E-003 -7.482210407E-004  3.983416032E+000  3.982690675E+000 
 8.002430000E-001 -1.254192750E-003 -7.739426877E-004  3.983415879E+000  3.982690793E+000 
 8.002440000E-001 -1.224872204E-003 -7.996483475E-004  3.983415699E+000  3.982690940E+000 
 8.002450000E-001 -1.195002319E-003 -8.253362438E-004  3.983415495E+000  3.982691118E+000 
 8.002460000E-001 -1.164681240E-003 -8.510099292E-004  3.983415264E+000  3.982691326E+000 
 8.002470000E-001 -1.134006222E-003 -8.766658510E-004  3.983415009E+000  3.982691564E+000 
 8.002480000E-001 -1.103075409E-003 -9.023057856E-004  3.983414728E+000  3.982691834E+000 
 8.002490000E-001 -1.071986944E-003 -9.279279567E-004  3.983414421E+000  3.982692134E+000 
 8.002500000E-001 -1.040837638E-003 -9.535305878E-004  3.983414090E+000  3.982692465E+000 
 8.002510000E-001 -1.009725192E-003 -9.791136790E-004  3.983413733E+000  3.982692827E+000 
 8.002520000E-001 -9.787468613E-004 -1.004679007E-003  3.983413351E+000  3.982693220E+000 
 8.002530000E-001 -9.479999008E-004 -1.030223018E-003  3.983412943E+000  3.982693643E+000 
 8.002540000E-001 -9.175806781E-004 -1.055747489E-003  3.983412511E+000  3.982694095E+000 
 8.002550000E-001 -8.875846724E-004 -1.081250645E-003  3.983412053E+000  3.982694577E+000 
 8.002560000E-001 -8.581091393E-004 -1.106734260E-003  3.983411571E+000  3.982695088E+000 
 8.002570000E-001 -8.292486697E-004 -1.132193006E-003  3.983411063E+000  3.982695627E+000 
 8.002580000E-001 -8.010991870E-004 -1.157630436E-003  3.983410531E+000  3.982696193E+000 
 8.002590000E-001 -7.737548380E-004 -1.183044773E-003  3.983409974E+000  3.982696786E+000 
 8.002600000E-001 -7.473093255E-004 -1.208436018E-003  3.983409391E+000  3.982697404E+000 
 8.002610000E-001 -7.218563525E-004 -1.233802394E-003  3.983408785E+000  3.982698046E+000 
 8.002620000E-001 -6.974891775E-004 -1.259143900E-003  3.983408153E+000  3.982698711E+000 
 8.002630000E-001 -6.742997272E-004 -1.284460538E-003  3.983407496E+000  3.982699399E+000 
 8.002640000E-001 -6.523790397E-004 -1.309752307E-003  3.983406815E+000  3.982700107E+000 
 8.002650000E-001 -6.318190415E-004 -1.335019206E-003  3.983406110E+000  3.982700834E+000 
 8.002660000E-001 -6.127094387E-004 -1.360257684E-003  3.983405380E+000  3.982701579E+000 
 8.002670000E-001 -5.951381610E-004 -1.385469517E-003  3.983404625E+000  3.982702340E+000 
 8.002680000E-001 -5.791958024E-004 -1.410652928E-003  3.983403846E+000  3.982703115E+000 
 8.002690000E-001 -5.649689605E-004 -1.435811470E-003  3.983403043E+000  3.982703903E+000 
 8.002700000E-001 -5.525437885E-004 -1.460938037E-003  3.983402215E+000  3.982704702E+000 
 8.002710000E-001 -5.420064397E-004 -1.486037959E-003  3.983401363E+000  3.982705509E+000 
 8.002720000E-001 -5.334426234E-004 -1.511104131E-003  3.983400487E+000  3.982706323E+000 
 8.002730000E-001 -5.269615855E-004 -1.535674699E-003  3.983399581E+000  3.982707144E+000 
 8.002740000E-001 -5.205045284E-004 -1.558177587E-003  3.983398656E+000  3.982707970E+000 
 8.002750000E-001 -5.140390336E-004 -1.579172348E-003  3.983397716E+000  3.982708800E+000 
 8.002760000E-001 -5.075642129E-004 -1.598206012E-003  3.983396759E+000  3.982709635E+000 
 8.002770000E-001 -5.010791782E-004 -1.615353185E-003  3.983395787E+000  3.982710477E+000 
 8.002780000E-001 -4.945839294E-004 -1.630684920E-003  3.983394802E+000  3.982711324E+000 
 8.002790000E-001 -4.880793547E-004 -1.644279379E-003  3.983393805E+000  3.982712177E+000 
 8.002800000E-001 -4.815650101E-004 -1.656211168E-003  3.983392798E+000  3.982713035E+000 
 8.002810000E-001 -4.750413396E-004 -1.666554894E-003  3.983391782E+000  3.982713899E+000 
 8.002820000E-001 -4.685083432E-004 -1.675390493E-003  3.983390759E+000  3.982714769E+000 
 8.002830000E-001 -4.619664651E-004 -1.682792572E-003  3.983389730E+000  3.982715645E+000 
 8.002840000E-001 -4.554148170E-004 -1.688841067E-003  3.983388697E+000  3.982716526E+000 
 8.002850000E-001 -4.488547312E-004 -1.693610585E-003  3.983387661E+000  3.982717413E+000 
 8.002860000E-001 -4.422862077E-004 -1.697182839E-003  3.983386624E+000  3.982718305E+000 
 8.002870000E-001 -4.357088024E-004 -1.699634211E-003  3.983385585E+000  3.982719204E+000 
 8.002880000E-001 -4.291225153E-004 -1.701044638E-003  3.983384546E+000  3.982720108E+000 
 8.002890000E-001 -4.225282346E-004 -1.701494057E-003  3.983383508E+000  3.982721017E+000 
 8.002900000E-001 -4.159259603E-004 -1.701060626E-003  3.983382473E+000  3.982721933E+000 
 8.002910000E-001 -4.093152484E-004 -1.699824281E-003  3.983381440E+000  3.982722854E+000 
 8.002920000E-001 -4.026965428E-004 -1.697868512E-003  3.983380410E+000  3.982723780E+000 
 8.002930000E-001 -3.960702877E-004 -1.695267926E-003  3.983379384E+000  3.982724713E+000 
 8.002940000E-001 -3.894355949E-004 -1.692106011E-003  3.983378363E+000  3.982725651E+000 
 8.002950000E-001 -3.827942407E-004 -1.688460927E-003  3.983377347E+000  3.982726595E+000 
 8.002960000E-001 -3.761448930E-004 -1.684416162E-003  3.983376336E+000  3.982727544E+000 
 8.002970000E-001 -3.694884398E-004 -1.680049877E-003  3.983375330E+000  3.982728500E+000 
 8.002980000E-001 -3.628244372E-004 -1.675442007E-003  3.983374331E+000  3.982729461E+000 
 8.002990000E-001 -3.561542172E-004 -1.670676042E-003  3.983373337E+000  3.982730428E+000 
 8.003000000E-001 -3.494764478E-004 -1.665826588E-003  3.983372349E+000  3.982731400E+000 
 8.003010000E-001 -3.427915729E-004 -1.660978910E-003  3.983371366E+000  3.982732378E+000 
 8.003020000E-001 -3.361004808E-004 -1.656209392E-003  3.983370390E+000  3.982733362E+000 
 8.003030000E-001 -3.294031714E-004 -1.651597969E-003  3.983369419E+000  3.982734352E+000 
 8.003040000E-001 -3.226992007E-004 -1.647226355E-003  3.983368453E+000  3.982735347E+000 
 8.003050000E-001 -3.159890127E-004 -1.643172709E-003  3.983367492E+000  3.982736348E+000 
 8.003060000E-001 -3.092726075E-004 -1.639515190E-003  3.983366536E+000  3.982737355E+000 
 8.003070000E-001 -3.025504292E-004 -1.636333735E-003  3.983365583E+000  3.982738367E+000 
 8.003080000E-001 -2.958224776E-004 -1.633702951E-003  3.983364634E+000  3.982739386E+000 
 8.003090000E-001 -2.890887529E-004 -1.631706326E-003  3.983363687E+000  3.982740410E+000 
 8.003100000E-001 -2.823496992E-004 -1.630414914E-003  3.983362742E+000  3.982741439E+000 
 8.003110000E-001 -2.756044282E-004 -1.629910429E-003  3.983361799E+000  3.982742475E+000 
 8.003120000E-001 -2.688547163E-004 -1.630269253E-003  3.983360855E+000  3.982743516E+000 
 8.003130000E-001 -2.620996753E-004 -1.631562441E-003  3.983359911E+000  3.982744563E+000 
 8.003140000E-001 -2.553388612E-004 -1.633871705E-003  3.983358965E+000  3.982745615E+000 
 8.003150000E-001 -2.485740502E-004 -1.637268099E-003  3.983358015E+000  3.982746673E+000 
 8.003160000E-001 -2.418043543E-004 -1.641826231E-003  3.983357062E+000  3.982747737E+000 
 8.003170000E-001 -2.350297734E-004 -1.647620707E-003  3.983356103E+000  3.982748807E+000 
 8.003180000E-001 -2.282507516E-004 -1.654724358E-003  3.983355137E+000  3.982749882E+000 
 8.003190000E-001 -2.214672890E-004 -1.663208238E-003  3.983354163E+000  3.982750964E+000 
 8.003200000E-001 -2.146798295E-004 -1.673143402E-003  3.983353180E+000  3.982752050E+000 
 8.003210000E-001 -2.078883732E-004 -1.684600903E-003  3.983352185E+000  3.982753143E+000 
 8.003220000E-001 -2.010924760E-004 -1.697653573E-003  3.983351177E+000  3.982754241E+000 
 8.003230000E-001 -1.942934702E-004 -1.712367137E-003  3.983350155E+000  3.982755345E+000 
 8.003240000E-001 -1.874904676E-004 -1.728812649E-003  3.983349117E+000  3.982756455E+000 
 8.003250000E-001 -1.806839123E-004 -1.747054057E-003  3.983348060E+000  3.982757570E+000 
 8.003260000E-001 -1.738738042E-004 -1.767158864E-003  3.983346983E+000  3.982758691E+000 
 8.003270000E-001 -1.670614758E-004 -1.789198123E-003  3.983345885E+000  3.982759818E+000 
 8.003280000E-001 -1.591820009E-004 -1.812756167E-003  3.983344756E+000  3.982760954E+000 
 8.003290000E-001 -1.493751789E-004 -1.836156116E-003  3.983343606E+000  3.982762100E+000 
 8.003300000E-001 -1.381779136E-004 -1.859529419E-003  3.983342440E+000  3.982763254E+000 
 8.003310000E-001 -1.251891923E-004 -1.882865419E-003  3.983341252E+000  3.982764422E+000 
 8.003320000E-001 -1.105013858E-004 -1.906164115E-003  3.983340041E+000  3.982765603E+000 
 8.003330000E-001 -9.420775271E-005 -1.929423732E-003  3.983338809E+000  3.982766801E+000 
 8.003340000E-001 -7.640288402E-005 -1.952646045E-003  3.983337554E+000  3.982768016E+000 
 8.003350000E-001 -5.718048257E-005 -1.975829278E-003  3.983336278E+000  3.982769249E+000 
 8.003360000E-001 -3.663513937E-005 -1.998971655E-003  3.983334979E+000  3.982770503E+000 
 8.003370000E-001 -1.486144541E-005 -2.022074952E-003  3.983333659E+000  3.982771777E+000 
 8.003380000E-001  8.043787858E-006 -2.045139169E-003  3.983332317E+000  3.982773074E+000 
 8.003390000E-001  3.198641352E-005 -2.068160754E-003  3.983330954E+000  3.982774394E+000 
 8.003400000E-001  5.687006421E-005 -2.091141482E-003  3.983329569E+000  3.982775739E+000 
 8.003410000E-001  8.259837259E-005 -2.114081354E-003  3.983328162E+000  3.982777108E+000 
 8.003420000E-001  1.090754154E-004 -2.136976818E-003  3.983326734E+000  3.982778502E+000 
 8.003430000E-001  1.362052693E-004 -2.159831425E-003  3.983325284E+000  3.982779923E+000 
 8.003440000E-001  1.638902347E-004 -2.182641623E-003  3.983323814E+000  3.982781370E+000 
 8.003450000E-001  1.920357207E-004 -2.205410965E-003  3.983322321E+000  3.982782844E+000 
 8.003460000E-001  2.205440275E-004 -2.228134122E-003  3.983320808E+000  3.982784345E+000 
 8.003470000E-001  2.493183437E-004 -2.250812869E-003  3.983319273E+000  3.982785874E+000 
 8.003480000E-001  2.782640784E-004 -2.273447208E-003  3.983317718E+000  3.982787430E+000 
 8.003490000E-001  3.072835320E-004 -2.296035362E-003  3.983316141E+000  3.982789014E+000 
 8.003500000E-001  3.362816692E-004 -2.318577330E-003  3.983314543E+000  3.982790625E+000 
 8.003510000E-001  3.651621228E-004 -2.341073113E-003  3.983312925E+000  3.982792263E+000 
 8.003520000E-001  3.938298576E-004 -2.363522711E-003  3.983311286E+000  3.982793928E+000 
 8.003530000E-001  4.221889505E-004 -2.385926123E-003  3.983309625E+000  3.982795620E+000 
 8.003540000E-001  4.501452544E-004 -2.408281574E-003  3.983307945E+000  3.982797338E+000 
 8.003550000E-001  4.776032902E-004 -2.430585511E-003  3.983306243E+000  3.982799082E+000 
 8.003560000E-001  5.044697993E-004 -2.452845038E-003  3.983304521E+000  3.982800850E+000 
 8.003570000E-001  5.306506345E-004 -2.475053051E-003  3.983302779E+000  3.982802642E+000 
 8.003580000E-001  5.560529814E-004 -2.497211327E-003  3.983301016E+000  3.982804458E+000 
 8.003590000E-001  5.805835812E-004 -2.519321640E-003  3.983299233E+000  3.982806296E+000 
 8.003600000E-001  6.041505074E-004 -2.541380439E-003  3.983297429E+000  3.982808155E+000 
 8.003610000E-001  6.266627217E-004 -2.563389501E-003  3.983295606E+000  3.982810034E+000 
 8.003620000E-001  6.480282977E-004 -2.585347048E-003  3.983293762E+000  3.982811933E+000 
 8.003630000E-001  6.681579734E-004 -2.607251304E-003  3.983291898E+000  3.982813848E+000 
 8.003640000E-001  6.869615987E-004 -2.629105822E-003  3.983290015E+000  3.982815780E+000 
 8.003650000E-001  7.043507999E-004 -2.650905273E-003  3.983288111E+000  3.982817727E+000 
 8.003660000E-001  7.202376473E-004 -2.672651433E-003  3.983286188E+000  3.982819687E+000 
 8.003670000E-001  7.345346553E-004 -2.694346080E-003  3.983284244E+000  3.982821659E+000 
 8.003680000E-001  7.471552266E-004 -2.715987435E-003  3.983282281E+000  3.982823640E+000 
 8.003690000E-001  7.580145400E-004 -2.737571947E-003  3.983280299E+000  3.982825630E+000 
 8.003700000E-001  7.670277746E-004 -2.759103168E-003  3.983278297E+000  3.982827625E+000 
 8.003710000E-001  7.741114416E-004 -2.780579322E-003  3.983276275E+000  3.982829625E+000 
 8.003720000E-001  7.791824963E-004 -2.802000409E-003  3.983274234E+000  3.982831627E+000 
 8.003730000E-001  7.821605585E-004 -2.823362877E-003  3.983272174E+000  3.982833628E+000 
 8.003740000E-001  7.834479732E-004 -2.843517422E-003  3.983270091E+000  3.982835628E+000 
 8.003750000E-001  7.848521832E-004 -2.861542114E-003  3.983267994E+000  3.982837628E+000 
 8.003760000E-001  7.862448470E-004 -2.878010719E-003  3.983265888E+000  3.982839627E+000 
 8.003770000E-001  7.876215236E-004 -2.892459605E-003  3.983263770E+000  3.982841625E+000 
 8.003780000E-001  7.889813247E-004 -2.904961605E-003  3.983261643E+000  3.982843623E+000 
 8.003790000E-001  7.903255828E-004 -2.915596653E-003  3.983259509E+000  3.982845620E+000 
 8.003800000E-001  7.916534095E-004 -2.924442910E-003  3.983257368E+000  3.982847616E+000 
 8.003810000E-001  7.929656931E-004 -2.931576759E-003  3.983255224E+000  3.982849612E+000 
 8.003820000E-001  7.942611013E-004 -2.937079913E-003  3.983253077E+000  3.982851607E+000 
 8.003830000E-001  7.955409664E-004 -2.941030530E-003  3.983250929E+000  3.982853601E+000 
 8.003840000E-001  7.968039561E-004 -2.943508548E-003  3.983248781E+000  3.982855594E+000 
 8.003850000E-001  7.980509587E-004 -2.944597455E-003  3.983246635E+000  3.982857587E+000 
 8.003860000E-001  7.992815299E-004 -2.944377187E-003  3.983244492E+000  3.982859579E+000 
 8.003870000E-001  8.004961138E-004 -2.942925903E-003  3.983242353E+000  3.982861570E+000 
 8.003880000E-001  8.016938224E-004 -2.940330646E-003  3.983240220E+000  3.982863561E+000 
 8.003890000E-001  8.028755438E-004 -2.936671351E-003  3.983238093E+000  3.982865550E+000 
 8.003900000E-001  8.040408339E-004 -2.932031506E-003  3.983235973E+000  3.982867539E+000 
 8.003910000E-001  8.051896927E-004 -2.926492826E-003  3.983233861E+000  3.982869527E+000 
 8.003920000E-001  8.063216761E-004 -2.920135245E-003  3.983231759E+000  3.982871514E+000 
 8.003930000E-001  8.074376723E-004 -2.913049357E-003  3.983229665E+000  3.982873500E+000 
 8.003940000E-001  8.085372372E-004 -2.905309771E-003  3.983227582E+000  3.982875485E+000 
 8.003950000E-001  8.096199267E-004 -2.897008855E-003  3.983225510E+000  3.982877470E+000 
 8.003960000E-001  8.106866289E-004 -2.888222994E-003  3.983223448E+000  3.982879453E+000 
 8.003970000E-001  8.117364558E-004 -2.879039229E-003  3.983221399E+000  3.982881436E+000 
 8.003980000E-001  8.127698514E-004 -2.869539273E-003  3.983219360E+000  3.982883417E+000 
 8.003990000E-001  8.137863716E-004 -2.859808390E-003  3.983217334E+000  3.982885398E+000 
 8.004000000E-001  8.147864605E-004 -2.849930070E-003  3.983215320E+000  3.982887377E+000 
 8.004010000E-001  8.157696740E-004 -2.839984248E-003  3.983213317E+000  3.982889356E+000 
 8.004020000E-001  8.167364562E-004 -2.830059742E-003  3.983211327E+000  3.982891333E+000 
 8.004030000E-001  8.176868072E-004 -2.820234712E-003  3.983209348E+000  3.982893310E+000 
 8.004040000E-001  8.186198386E-004 -2.810594424E-003  3.983207381E+000  3.982895285E+000 
 8.004050000E-001  8.195368828E-004 -2.801218812E-003  3.983205425E+000  3.982897260E+000 
 8.004060000E-001  8.204370516E-004 -2.792193143E-003  3.983203480E+000  3.982899233E+000 
 8.004070000E-001  8.213199010E-004 -2.783599129E-003  3.983201546E+000  3.982901205E+000 
 8.004080000E-001  8.221863190E-004 -2.775516705E-003  3.983199621E+000  3.982903176E+000 
 8.004090000E-001  8.230363058E-004 -2.768029361E-003  3.983197705E+000  3.982905146E+000 
 8.004100000E-001  8.238694171E-004 -2.761217033E-003  3.983195797E+000  3.982907115E+000 
 8.004110000E-001  8.246852090E-004 -2.755159656E-003  3.983193897E+000  3.982909083E+000 
 8.004120000E-001  8.254845696E-004 -2.749937167E-003  3.983192004E+000  3.982911049E+000 
 8.004130000E-001  8.262670548E-004 -2.745629502E-003  3.983190117E+000  3.982913015E+000 
 8.004140000E-001  8.270331087E-004 -2.742314820E-003  3.983188234E+000  3.982914979E+000 
 8.004150000E-001  8.277813990E-004 -2.740073057E-003  3.983186355E+000  3.982916942E+000 
 8.004160000E-001  8.285132580E-004 -2.738978822E-003  3.983184478E+000  3.982918903E+000 
 8.004170000E-001  8.292282416E-004 -2.739113825E-003  3.983182603E+000  3.982920864E+000 
 8.004180000E-001  8.299263499E-004 -2.740550897E-003  3.983180727E+000  3.982922823E+000 
 8.004190000E-001  8.306075827E-004 -2.743366423E-003  3.983178849E+000  3.982924781E+000 
 8.004200000E-001  8.312714961E-004 -2.747636785E-003  3.983176969E+000  3.982926737E+000 
 8.004210000E-001  8.319189782E-004 -2.753436590E-003  3.983175084E+000  3.982928693E+000 
 8.004220000E-001  8.325491407E-004 -2.760836892E-003  3.983173192E+000  3.982930646E+000 
 8.004230000E-001  8.331619838E-004 -2.769910523E-003  3.983171292E+000  3.982932599E+000 
 8.004240000E-001  8.337588397E-004 -2.780732089E-003  3.983169383E+000  3.982934550E+000 
 8.004250000E-001  8.343379321E-004 -2.793369092E-003  3.983167462E+000  3.982936500E+000 
 8.004260000E-001  8.349001490E-004 -2.807894361E-003  3.983165527E+000  3.982938448E+000 
 8.004270000E-001  8.366707327E-004 -2.823682621E-003  3.983163574E+000  3.982940397E+000 
 8.004280000E-001  8.403251428E-004 -2.839323443E-003  3.983161608E+000  3.982942349E+000 
 8.004290000E-001  8.453380218E-004 -2.854921632E-003  3.983159632E+000  3.982944304E+000 
 8.004300000E-001  8.521023886E-004 -2.870462978E-003  3.983157642E+000  3.982946265E+000 
 8.004310000E-001  8.605307578E-004 -2.885947481E-003  3.983155638E+000  3.982948233E+000 
 8.004320000E-001  8.705329790E-004 -2.901375140E-003  3.983153622E+000  3.982950210E+000 
 8.004330000E-001  8.820197905E-004 -2.916740627E-003  3.983151592E+000  3.982952197E+000 
 8.004340000E-001  8.949010422E-004 -2.932051046E-003  3.983149548E+000  3.982954196E+000 
 8.004350000E-001  9.090865838E-004 -2.947302846E-003  3.983147492E+000  3.982956208E+000 
 8.004360000E-001  9.244858212E-004 -2.962496026E-003  3.983145422E+000  3.982958234E+000 
 8.004370000E-001  9.410068280E-004 -2.977628810E-003  3.983143339E+000  3.982960275E+000 
 8.004380000E-001  9.585590099E-004 -2.992701198E-003  3.983141244E+000  3.982962331E+000 
 8.004390000E-001  9.770504406E-004 -3.007714966E-003  3.983139135E+000  3.982964405E+000 
 8.004400000E-001  9.963891934E-004 -3.022668338E-003  3.983137014E+000  3.982966497E+000 
 8.004410000E-001  1.016483342E-003 -3.037561314E-003  3.983134880E+000  3.982968607E+000 
 8.004420000E-001  1.037240960E-003 -3.052393893E-003  3.983132733E+000  3.982970735E+000 
 8.004430000E-001  1.058569232E-003 -3.067164300E-003  3.983130574E+000  3.982972884E+000 
 8.004440000E-001  1.080376677E-003 -3.081874311E-003  3.983128402E+000  3.982975052E+000 
 8.004450000E-001  1.102570923E-003 -3.096522150E-003  3.983126217E+000  3.982977240E+000 
 8.004460000E-001  1.125059601E-003 -3.111107816E-003  3.983124020E+000  3.982979449E+000 
 8.004470000E-001  1.147749895E-003 -3.125631309E-003  3.983121811E+000  3.982981679E+000 
 8.004480000E-001  1.170551212E-003 -3.140092630E-003  3.983119590E+000  3.982983929E+000 
 8.004490000E-001  1.193370291E-003 -3.154490003E-003  3.983117357E+000  3.982986200E+000 
 8.004500000E-001  1.216116541E-003 -3.168825202E-003  3.983115111E+000  3.982988491E+000 
 8.004510000E-001  1.238697145E-003 -3.183096453E-003  3.983112854E+000  3.982990802E+000 
 8.004520000E-001  1.261022398E-003 -3.197305531E-003  3.983110584E+000  3.982993134E+000 
 8.004530000E-001  1.283000817E-003 -3.211448885E-003  3.983108303E+000  3.982995485E+000 
 8.004540000E-001  1.304541808E-003 -3.225530065E-003  3.983106010E+000  3.982997854E+000 
 8.004550000E-001  1.325555221E-003 -3.239545521E-003  3.983103705E+000  3.983000243E+000 
 8.004560000E-001  1.345950906E-003 -3.253495251E-003  3.983101389E+000  3.983002649E+000 
 8.004570000E-001  1.365639601E-003 -3.267379256E-003  3.983099061E+000  3.983005071E+000 
 8.004580000E-001  1.384533377E-003 -3.281199312E-003  3.983096721E+000  3.983007510E+000 
 8.004590000E-001  1.402542971E-003 -3.294953643E-003  3.983094370E+000  3.983009964E+000 
 8.004600000E-001  1.419580897E-003 -3.308642249E-003  3.983092008E+000  3.983012433E+000 
 8.004610000E-001  1.435559671E-003 -3.322263353E-003  3.983089635E+000  3.983014914E+000 
 8.004620000E-001  1.450394027E-003 -3.335818732E-003  3.983087250E+000  3.983017407E+000 
 8.004630000E-001  1.463996480E-003 -3.349306610E-003  3.983084855E+000  3.983019910E+000 
 8.004640000E-001  1.476282652E-003 -3.362726986E-003  3.983082448E+000  3.983022423E+000 
 8.004650000E-001  1.487167722E-003 -3.376083413E-003  3.983080031E+000  3.983024943E+000 
 8.004660000E-001  1.496568647E-003 -3.389367009E-003  3.983077602E+000  3.983027469E+000 
 8.004670000E-001  1.504402380E-003 -3.402586657E-003  3.983075163E+000  3.983030000E+000 
 8.004680000E-001  1.510587211E-003 -3.415738803E-003  3.983072713E+000  3.983032534E+000 
 8.004690000E-001  1.515040982E-003 -3.428819895E-003  3.983070253E+000  3.983035069E+000 
 8.004700000E-001  1.517684201E-003 -3.441833485E-003  3.983067782E+000  3.983037603E+000 
 8.004710000E-001  1.518437376E-003 -3.454777797E-003  3.983065301E+000  3.983040134E+000 
 8.004720000E-001  1.517222348E-003 -3.467652832E-003  3.983062809E+000  3.983042661E+000 
 8.004730000E-001  1.513960957E-003 -3.480458588E-003  3.983060307E+000  3.983045181E+000 
 8.004740000E-001  1.508578595E-003 -3.493195067E-003  3.983057795E+000  3.983047692E+000 
 8.004750000E-001  1.500898072E-003 -3.505528312E-003  3.983055271E+000  3.983050189E+000 
 8.004760000E-001  1.493042578E-003 -3.515658875E-003  3.983052740E+000  3.983052676E+000 
 8.004770000E-001  1.485163992E-003 -3.524178283E-003  3.983050207E+000  3.983055154E+000 
 8.004780000E-001  1.477256095E-003 -3.530610471E-003  3.983047670E+000  3.983057622E+000 
 8.004790000E-001  1.469317557E-003 -3.535037152E-003  3.983045133E+000  3.983060080E+000 
 8.004800000E-001  1.461349264E-003 -3.537536486E-003  3.983042597E+000  3.983062528E+000 
 8.004810000E-001  1.453351661E-003 -3.538199067E-003  3.983040063E+000  3.983064965E+000 
 8.004820000E-001  1.445324305E-003 -3.537104831E-003  3.983037534E+000  3.983067391E+000 
 8.004830000E-001  1.437267638E-003 -3.534340820E-003  3.983035011E+000  3.983069807E+000 
 8.004840000E-001  1.429182106E-003 -3.529990522E-003  3.983032496E+000  3.983072212E+000 
 8.004850000E-001  1.421067264E-003 -3.524135650E-003  3.983029990E+000  3.983074607E+000 
 8.004860000E-001  1.412924000E-003 -3.516870350E-003  3.983027494E+000  3.983076992E+000 
 8.004870000E-001  1.404751426E-003 -3.508276336E-003  3.983025010E+000  3.983079365E+000 
 8.004880000E-001  1.396550875E-003 -3.498440648E-003  3.983022539E+000  3.983081729E+000 
 8.004890000E-001  1.388321902E-003 -3.487452105E-003  3.983020083E+000  3.983084081E+000 
 8.004900000E-001  1.380064951E-003 -3.475397747E-003  3.983017641E+000  3.983086423E+000 
 8.004910000E-001  1.371779579E-003 -3.462362841E-003  3.983015215E+000  3.983088754E+000 
 8.004920000E-001  1.363466673E-003 -3.448439756E-003  3.983012806E+000  3.983091075E+000 
 8.004930000E-001  1.355125789E-003 -3.433715534E-003  3.983010414E+000  3.983093385E+000 
 8.004940000E-001  1.346757372E-003 -3.418277217E-003  3.983008041E+000  3.983095684E+000 
 8.004950000E-001  1.338361866E-003 -3.402215398E-003  3.983005686E+000  3.983097973E+000 
 8.004960000E-001  1.329939270E-003 -3.385615344E-003  3.983003351E+000  3.983100251E+000 
 8.004970000E-001  1.321489584E-003 -3.368571200E-003  3.983001035E+000  3.983102518E+000 
 8.004980000E-001  1.313013254E-003 -3.351166455E-003  3.982998739E+000  3.983104774E+000 
 8.004990000E-001  1.304509833E-003 -3.333491705E-003  3.982996464E+000  3.983107019E+000 
 8.005000000E-001  1.295980212E-003 -3.315639319E-003  3.982994208E+000  3.983109254E+000 
 8.005010000E-001  1.287424389E-003 -3.297691009E-003  3.982991973E+000  3.983111478E+000 
 8.005020000E-001  1.278842365E-003 -3.279742700E-003  3.982989758E+000  3.983113691E+000 
 8.005030000E-001  1.270234140E-003 -3.261877879E-003  3.982987563E+000  3.983115893E+000 
 8.005040000E-001  1.261600602E-003 -3.244183588E-003  3.982985388E+000  3.983118085E+000 
 8.005050000E-001  1.252940862E-003 -3.226752199E-003  3.982983232E+000  3.983120265E+000 
 8.005060000E-001  1.244256254E-003 -3.209667199E-003  3.982981095E+000  3.983122435E+000 
 8.005070000E-001  1.235545888E-003 -3.193019182E-003  3.982978977E+000  3.983124594E+000 
 8.005080000E-001  1.226811097E-003 -3.176893415E-003  3.982976877E+000  3.983126742E+000 
 8.005090000E-001  1.218050993E-003 -3.161375162E-003  3.982974794E+000  3.983128879E+000 
 8.005100000E-001  1.209266021E-003 -3.146553240E-003  3.982972728E+000  3.983131005E+000 
 8.005110000E-001  1.200456623E-003 -3.132511139E-003  3.982970678E+000  3.983133120E+000 
 8.005120000E-001  1.191622800E-003 -3.119334124E-003  3.982968642E+000  3.983135224E+000 
 8.005130000E-001  1.182764997E-003 -3.107107460E-003  3.982966620E+000  3.983137317E+000 
 8.005140000E-001  1.173882769E-003 -3.095916412E-003  3.982964611E+000  3.983139399E+000 
 8.005150000E-001  1.164977004E-003 -3.085842692E-003  3.982962613E+000  3.983141470E+000 
 8.005160000E-001  1.156047258E-003 -3.076969790E-003  3.982960626E+000  3.983143530E+000 
 8.005170000E-001  1.147094864E-003 -3.069381194E-003  3.982958647E+000  3.983145579E+000 
 8.005180000E-001  1.138118044E-003 -3.063153287E-003  3.982956676E+000  3.983147617E+000 
 8.005190000E-001  1.129119021E-003 -3.058373110E-003  3.982954712E+000  3.983149644E+000 
 8.005200000E-001  1.120096460E-003 -3.055117048E-003  3.982952751E+000  3.983151660E+000 
 8.005210000E-001  1.111051251E-003 -3.053466813E-003  3.982950794E+000  3.983153665E+000 
 8.005220000E-001  1.101983838E-003 -3.053498787E-003  3.982948837E+000  3.983155659E+000 
 8.005230000E-001  1.092893775E-003 -3.055289355E-003  3.982946880E+000  3.983157642E+000 
 8.005240000E-001  1.083781065E-003 -3.058918452E-003  3.982944920E+000  3.983159613E+000 
 8.005250000E-001  1.074908607E-003 -3.064538845E-003  3.982942955E+000  3.983161572E+000 
 8.005260000E-001  1.067955946E-003 -3.070244503E-003  3.982940986E+000  3.983163522E+000 
 8.005270000E-001  1.062397281E-003 -3.075905752E-003  3.982939014E+000  3.983165469E+000 
 8.005280000E-001  1.058642951E-003 -3.081503053E-003  3.982937038E+000  3.983167410E+000 
 8.005290000E-001  1.056610355E-003 -3.087036404E-003  3.982935059E+000  3.983169348E+000 
 8.005300000E-001  1.056217336E-003 -3.092511136E-003  3.982933077E+000  3.983171285E+000 
 8.005310000E-001  1.057379517E-003 -3.097921919E-003  3.982931091E+000  3.983173221E+000 
 8.005320000E-001  1.060013410E-003 -3.103274082E-003  3.982929101E+000  3.983175159E+000 
 8.005330000E-001  1.064034638E-003 -3.108562296E-003  3.982927109E+000  3.983177100E+000 
 8.005340000E-001  1.069358824E-003 -3.113786562E-003  3.982925113E+000  3.983179045E+000 
 8.005350000E-001  1.075901146E-003 -3.118948655E-003  3.982923114E+000  3.983180995E+000 
 8.005360000E-001  1.083575007E-003 -3.124050352E-003  3.982921112E+000  3.983182951E+000 
 8.005370000E-001  1.092295143E-003 -3.129089876E-003  3.982919107E+000  3.983184915E+000 
 8.005380000E-001  1.101976288E-003 -3.134063675E-003  3.982917099E+000  3.983186887E+000 
 8.005390000E-001  1.112531400E-003 -3.138977078E-003  3.982915088E+000  3.983188868E+000 
 8.005400000E-001  1.123874771E-003 -3.143828309E-003  3.982913075E+000  3.983190859E+000 
 8.005410000E-001  1.135918914E-003 -3.148613814E-003  3.982911058E+000  3.983192860E+000 
 8.005420000E-001  1.148578566E-003 -3.153338923E-003  3.982909039E+000  3.983194872E+000 
 8.005430000E-001  1.161765795E-003 -3.158000084E-003  3.982907018E+000  3.983196895E+000 
 8.005440000E-001  1.175394448E-003 -3.162597295E-003  3.982904994E+000  3.983198930E+000 
 8.005450000E-001  1.189377485E-003 -3.167132334E-003  3.982902967E+000  3.983200978E+000 
 8.005460000E-001  1.203628752E-003 -3.171603424E-003  3.982900938E+000  3.983203038E+000 
 8.005470000E-001  1.218060763E-003 -3.176010566E-003  3.982898906E+000  3.983205110E+000 
 8.005480000E-001  1.232587366E-003 -3.180353758E-003  3.982896873E+000  3.983207195E+000 
 8.005490000E-001  1.247122849E-003 -3.184634778E-003  3.982894837E+000  3.983209292E+000 
 8.005500000E-001  1.261580618E-003 -3.188851849E-003  3.982892798E+000  3.983211402E+000 
 8.005510000E-001  1.275873629E-003 -3.193004972E-003  3.982890758E+000  3.983213523E+000 
 8.005520000E-001  1.289917506E-003 -3.197094145E-003  3.982888716E+000  3.983215657E+000 
 8.005530000E-001  1.303626540E-003 -3.201117593E-003  3.982886672E+000  3.983217802E+000 
 8.005540000E-001  1.316915466E-003 -3.205078869E-003  3.982884626E+000  3.983219958E+000 
 8.005550000E-001  1.329699018E-003 -3.208974420E-003  3.982882578E+000  3.983222124E+000 
 8.005560000E-001  1.341893707E-003 -3.212807798E-003  3.982880528E+000  3.983224300E+000 
 8.005570000E-001  1.353414714E-003 -3.216575450E-003  3.982878477E+000  3.983226485E+000 
 8.005580000E-001  1.364179436E-003 -3.220279154E-003  3.982876424E+000  3.983228678E+000 
 8.005590000E-001  1.374104386E-003 -3.223918910E-003  3.982874370E+000  3.983230878E+000 
 8.005600000E-001  1.383106962E-003 -3.227492940E-003  3.982872314E+000  3.983233085E+000 
 8.005610000E-001  1.391105897E-003 -3.231003021E-003  3.982870256E+000  3.983235297E+000 
 8.005620000E-001  1.398019478E-003 -3.234449153E-003  3.982868197E+000  3.983237514E+000 
 8.005630000E-001  1.403767325E-003 -3.237827784E-003  3.982866137E+000  3.983239733E+000 
 8.005640000E-001  1.408268613E-003 -3.241144242E-003  3.982864076E+000  3.983241954E+000 
 8.005650000E-001  1.411444739E-003 -3.244394975E-003  3.982862014E+000  3.983244175E+000 
 8.005660000E-001  1.413217543E-003 -3.247581759E-003  3.982859950E+000  3.983246395E+000 
 8.005670000E-001  1.413508421E-003 -3.250702818E-003  3.982857885E+000  3.983248613E+000 
 8.005680000E-001  1.412240547E-003 -3.253758152E-003  3.982855820E+000  3.983250826E+000 
 8.005690000E-001  1.409337980E-003 -3.256747760E-003  3.982853754E+000  3.983253033E+000 
 8.005700000E-001  1.404724781E-003 -3.259673420E-003  3.982851686E+000  3.983255233E+000 
 8.005710000E-001  1.398327232E-003 -3.262535131E-003  3.982849618E+000  3.983257423E+000 
 8.005720000E-001  1.390071613E-003 -3.265329340E-003  3.982847550E+000  3.983259601E+000 
 8.005730000E-001  1.379885095E-003 -3.268059601E-003  3.982845480E+000  3.983261767E+000 
 8.005740000E-001  1.367695734E-003 -3.270722360E-003  3.982843410E+000  3.983263917E+000 
 8.005750000E-001  1.353433365E-003 -3.273321170E-003  3.982841340E+000  3.983266049E+000 
 8.005760000E-001  1.337028710E-003 -3.275854255E-003  3.982839269E+000  3.983268162E+000 
 8.005770000E-001  1.319051979E-003 -3.277030203E-003  3.982837200E+000  3.983270248E+000 
 8.005780000E-001  1.301165398E-003 -3.276067417E-003  3.982835135E+000  3.983272315E+000 
 8.005790000E-001  1.283259277E-003 -3.273550320E-003  3.982833075E+000  3.983274367E+000 
 8.005800000E-001  1.265326510E-003 -3.269020610E-003  3.982831023E+000  3.983276400E+000 
 8.005810000E-001  1.247368875E-003 -3.262568882E-003  3.982828980E+000  3.983278412E+000 
 8.005820000E-001  1.229385482E-003 -3.254282177E-003  3.982826949E+000  3.983280404E+000 
 8.005830000E-001  1.211376777E-003 -3.244251090E-003  3.982824930E+000  3.983282376E+000 
 8.005840000E-001  1.193344090E-003 -3.232564438E-003  3.982822926E+000  3.983284328E+000 
 8.005850000E-001  1.175286979E-003 -3.219316369E-003  3.982820938E+000  3.983286260E+000 
 8.005860000E-001  1.157205887E-003 -3.204595700E-003  3.982818968E+000  3.983288172E+000 
 8.005870000E-001  1.139100814E-003 -3.188494802E-003  3.982817016E+000  3.983290064E+000 
 8.005880000E-001  1.120973092E-003 -3.171104268E-003  3.982815084E+000  3.983291936E+000 
 8.005890000E-001  1.102822722E-003 -3.152518246E-003  3.982813174E+000  3.983293787E+000 
 8.005900000E-001  1.084649259E-003 -3.132830884E-003  3.982811285E+000  3.983295619E+000 
 8.005910000E-001  1.066454480E-003 -3.112134550E-003  3.982809420E+000  3.983297431E+000 
 8.005920000E-001  1.048237497E-003 -3.090519840E-003  3.982807578E+000  3.983299223E+000 
 8.005930000E-001  1.029999641E-003 -3.068082677E-003  3.982805762E+000  3.983300994E+000 
 8.005940000E-001  1.011740469E-003 -3.044917207E-003  3.982803970E+000  3.983302746E+000 
 8.005950000E-001  9.934608691E-004 -3.021117578E-003  3.982802205E+000  3.983304478E+000 
 8.005960000E-001  9.751608410E-004 -2.996776161E-003  3.982800466E+000  3.983306189E+000 
 8.005970000E-001  9.568408288E-004 -2.971987101E-003  3.982798753E+000  3.983307881E+000 
 8.005980000E-001  9.385017208E-004 -2.946844546E-003  3.982797068E+000  3.983309552E+000 
 8.005990000E-001  9.201435169E-004 -2.921444420E-003  3.982795410E+000  3.983311203E+000 
 8.006000000E-001  9.017662173E-004 -2.895879092E-003  3.982793779E+000  3.983312835E+000 
 8.006010000E-001  8.833707099E-004 -2.870240934E-003  3.982792176E+000  3.983314446E+000 
 8.006020000E-001  8.649574390E-004 -2.844624092E-003  3.982790599E+000  3.983316037E+000 
 8.006030000E-001  8.465259604E-004 -2.819126266E-003  3.982789050E+000  3.983317608E+000 
 8.006040000E-001  8.280771624E-004 -2.793834497E-003  3.982787528E+000  3.983319160E+000 
 8.006050000E-001  8.096119331E-004 -2.768846485E-003  3.982786032E+000  3.983320691E+000 
 8.006060000E-001  7.911302724E-004 -2.744249272E-003  3.982784562E+000  3.983322202E+000 
 8.006070000E-001  7.726321805E-004 -2.720142334E-003  3.982783117E+000  3.983323693E+000 
 8.006080000E-001  7.541181013E-004 -2.696612711E-003  3.982781697E+000  3.983325164E+000 
 8.006090000E-001  7.355889231E-004 -2.673752775E-003  3.982780301E+000  3.983326615E+000 
 8.006100000E-001  7.170446459E-004 -2.651654896E-003  3.982778928E+000  3.983328046E+000 
 8.006110000E-001  6.984857137E-004 -2.630406115E-003  3.982777577E+000  3.983329457E+000 
 8.006120000E-001  6.799125707E-004 -2.610100580E-003  3.982776247E+000  3.983330848E+000 
 8.006130000E-001  6.613252168E-004 -2.590825332E-003  3.982774938E+000  3.983332219E+000 
 8.006140000E-001  6.427245403E-004 -2.572669189E-003  3.982773647E+000  3.983333570E+000 
 8.006150000E-001  6.241105410E-004 -2.555722745E-003  3.982772374E+000  3.983334901E+000 
 8.006160000E-001  6.054841073E-004 -2.540073041E-003  3.982771117E+000  3.983336212E+000 
 8.006170000E-001  5.868443509E-004 -2.525801790E-003  3.982769876E+000  3.983337503E+000 
 8.006180000E-001  5.681934923E-004 -2.513001363E-003  3.982768647E+000  3.983338775E+000 
 8.006190000E-001  5.495306432E-004 -2.501751695E-003  3.982767430E+000  3.983340026E+000 
 8.006200000E-001  5.308562478E-004 -2.492141604E-003  3.982766223E+000  3.983341257E+000 
 8.006210000E-001  5.121716384E-004 -2.484252803E-003  3.982765025E+000  3.983342468E+000 
 8.006220000E-001  4.934754827E-004 -2.478167005E-003  3.982763833E+000  3.983343660E+000 
 8.006230000E-001  4.747700011E-004 -2.473967697E-003  3.982762645E+000  3.983344831E+000 
 8.006240000E-001  4.570348544E-004 -2.471345795E-003  3.982761461E+000  3.983345978E+000 
 8.006250000E-001  4.412314958E-004 -2.468549809E-003  3.982760282E+000  3.983347111E+000 
 8.006260000E-001  4.268301268E-004 -2.465718296E-003  3.982759105E+000  3.983348233E+000 
 8.006270000E-001  4.142473031E-004 -2.462837045E-003  3.982757933E+000  3.983349343E+000 
 8.006280000E-001  4.034053092E-004 -2.459906057E-003  3.982756764E+000  3.983350441E+000 
 8.006290000E-001  3.942282056E-004 -2.456927106E-003  3.982755600E+000  3.983351530E+000 
 8.006300000E-001  3.866365006E-004 -2.453898418E-003  3.982754440E+000  3.983352611E+000 
 8.006310000E-001  3.805524784E-004 -2.450819991E-003  3.982753284E+000  3.983353686E+000 
 8.006320000E-001  3.758962031E-004 -2.447693603E-003  3.982752133E+000  3.983354755E+000 
 8.006330000E-001  3.725886266E-004 -2.444517477E-003  3.982750986E+000  3.983355821E+000 
 8.006340000E-001  3.705502571E-004 -2.441291613E-003  3.982749843E+000  3.983356885E+000 
 8.006350000E-001  3.697007145E-004 -2.438017788E-003  3.982748705E+000  3.983357947E+000 
 8.006360000E-001  3.699587303E-004 -2.434696000E-003  3.982747571E+000  3.983359009E+000 
 8.006370000E-001  3.712443686E-004 -2.431324475E-003  3.982746442E+000  3.983360071E+000 
 8.006380000E-001  3.734759169E-004 -2.427906765E-003  3.982745317E+000  3.983361135E+000 
 8.006390000E-001  3.765721068E-004 -2.424435763E-003  3.982744197E+000  3.983362202E+000 
 8.006400000E-001  3.804507820E-004 -2.420922129E-003  3.982743082E+000  3.983363272E+000 
 8.006410000E-001  3.850315622E-004 -2.417355205E-003  3.982741971E+000  3.983364346E+000 
 8.006420000E-001  3.902322909E-004 -2.413742095E-003  3.982740865E+000  3.983365424E+000 
 8.006430000E-001  3.959703676E-004 -2.410081024E-003  3.982739764E+000  3.983366507E+000 
 8.006440000E-001  4.021640798E-004 -2.406370214E-003  3.982738668E+000  3.983367595E+000 
 8.006450000E-001  4.087317151E-004 -2.402613219E-003  3.982737576E+000  3.983368690E+000 
 8.006460000E-001  4.155911171E-004 -2.398808263E-003  3.982736490E+000  3.983369790E+000 
 8.006470000E-001  4.226601291E-004 -2.394953569E-003  3.982735408E+000  3.983370896E+000 
 8.006480000E-001  4.298574829E-004 -2.391050913E-003  3.982734332E+000  3.983372008E+000 
 8.006490000E-001  4.371014661E-004 -2.387102072E-003  3.982733260E+000  3.983373127E+000 
 8.006500000E-001  4.443094781E-004 -2.383105269E-003  3.982732194E+000  3.983374251E+000 
 8.006510000E-001  4.514015828E-004 -2.379058728E-003  3.982731133E+000  3.983375381E+000 
 8.006520000E-001  4.582960678E-004 -2.374966002E-003  3.982730077E+000  3.983376518E+000 
 8.006530000E-001  4.649112206E-004 -2.370827090E-003  3.982729026E+000  3.983377659E+000 
 8.006540000E-001  4.711675494E-004 -2.366638441E-003  3.982727980E+000  3.983378805E+000 
 8.006550000E-001  4.769842299E-004 -2.362405382E-003  3.982726940E+000  3.983379956E+000 
 8.006560000E-001  4.822817701E-004 -2.358120810E-003  3.982725905E+000  3.983381111E+000 
 8.006570000E-001  4.869797898E-004 -2.353793604E-003  3.982724876E+000  3.983382269E+000 
 8.006580000E-001  4.909996854E-004 -2.349416661E-003  3.982723852E+000  3.983383430E+000 
 8.006590000E-001  4.942632970E-004 -2.344993533E-003  3.982722833E+000  3.983384592E+000 
 8.006600000E-001  4.966915768E-004 -2.340522443E-003  3.982721820E+000  3.983385755E+000 
 8.006610000E-001  4.982072532E-004 -2.336006943E-003  3.982720812E+000  3.983386918E+000 
 8.006620000E-001  4.987330549E-004 -2.331443483E-003  3.982719810E+000  3.983388080E+000 
 8.006630000E-001  4.981925983E-004 -2.326833837E-003  3.982718814E+000  3.983389239E+000 
 8.006640000E-001  4.965095002E-004 -2.322176229E-003  3.982717824E+000  3.983390395E+000 
 8.006650000E-001  4.936091536E-004 -2.317472436E-003  3.982716839E+000  3.983391547E+000 
 8.006660000E-001  4.894165073E-004 -2.312724234E-003  3.982715859E+000  3.983392693E+000 
 8.006670000E-001  4.838573986E-004 -2.307928071E-003  3.982714886E+000  3.983393831E+000 
 8.006680000E-001  4.768589967E-004 -2.303085722E-003  3.982713919E+000  3.983394960E+000 
 8.006690000E-001  4.683493593E-004 -2.298198964E-003  3.982712957E+000  3.983396079E+000 
 8.006700000E-001  4.582556556E-004 -2.293264245E-003  3.982712001E+000  3.983397186E+000 
 8.006710000E-001  4.465077197E-004 -2.288285117E-003  3.982711051E+000  3.983398279E+000 
 8.006720000E-001  4.330358294E-004 -2.283259803E-003  3.982710108E+000  3.983399357E+000 
 8.006730000E-001  4.177702628E-004 -2.278188305E-003  3.982709170E+000  3.983400417E+000 
 8.006740000E-001  4.006435184E-004 -2.273072397E-003  3.982708238E+000  3.983401459E+000 
 8.006750000E-001  3.815872063E-004 -2.267910304E-003  3.982707313E+000  3.983402479E+000 
 8.006760000E-001  3.605360455E-004 -2.262702026E-003  3.982706393E+000  3.983403476E+000 
 8.006770000E-001  3.374243107E-004 -2.257451115E-003  3.982705480E+000  3.983404448E+000 
 8.006780000E-001  3.125952830E-004 -2.251093534E-003  3.982704577E+000  3.983405386E+000 
 8.006790000E-001  2.878914884E-004 -2.242677155E-003  3.982703684E+000  3.983406299E+000 
 8.006800000E-001  2.631836971E-004 -2.232772189E-003  3.982702801E+000  3.983407193E+000 
 8.006810000E-001  2.384705766E-004 -2.220938100E-003  3.982701931E+000  3.983408062E+000 
 8.006820000E-001  2.137521271E-004 -2.207270811E-003  3.982701077E+000  3.983408905E+000 
 8.006830000E-001  1.890292367E-004 -2.191864468E-003  3.982700240E+000  3.983409722E+000 
 8.006840000E-001  1.643023495E-004 -2.174811442E-003  3.982699421E+000  3.983410514E+000 
 8.006850000E-001  1.395719096E-004 -2.156204104E-003  3.982698623E+000  3.983411281E+000 
 8.006860000E-001  1.148383610E-004 -2.136143706E-003  3.982697846E+000  3.983412021E+000 
 8.006870000E-001  9.010214796E-005 -2.114719067E-003  3.982697092E+000  3.983412737E+000 
 8.006880000E-001  6.536371444E-005 -2.092027884E-003  3.982696363E+000  3.983413427E+000 
 8.006890000E-001  4.062394865E-005 -2.068169636E-003  3.982695658E+000  3.983414091E+000 
 8.006900000E-001  1.588285059E-005 -2.043234915E-003  3.982694980E+000  3.983414730E+000 
 8.006910000E-001 -8.858691558E-006 -2.017324974E-003  3.982694329E+000  3.983415344E+000 
 8.006920000E-001 -3.360023371E-005 -1.990533960E-003  3.982693706E+000  3.983415932E+000 
 8.006930000E-001 -5.834133177E-005 -1.962961349E-003  3.982693111E+000  3.983416495E+000 
 8.006940000E-001 -8.308198574E-005 -1.934701288E-003  3.982692545E+000  3.983417032E+000 
 8.006950000E-001 -1.078208633E-004 -1.905853253E-003  3.982692010E+000  3.983417545E+000 
 8.006960000E-001 -1.325579646E-004 -1.876513167E-003  3.982691504E+000  3.983418032E+000 
 8.006970000E-001 -1.572924013E-004 -1.846780506E-003  3.982691029E+000  3.983418493E+000 
 8.006980000E-001 -1.820241735E-004 -1.816751194E-003  3.982690584E+000  3.983418930E+000 
 8.006990000E-001 -2.067523930E-004 -1.786521153E-003  3.982690170E+000  3.983419341E+000 
 8.007000000E-001 -2.314766157E-004 -1.756189860E-003  3.982689788E+000  3.983419728E+000 
 8.007010000E-001 -2.561968415E-004 -1.725851462E-003  3.982689435E+000  3.983420089E+000 
 8.007020000E-001 -2.809121824E-004 -1.695603657E-003  3.982689114E+000  3.983420425E+000 
 8.007030000E-001 -3.056217501E-004 -1.665545923E-003  3.982688822E+000  3.983420736E+000 
 8.007040000E-001 -3.303259888E-004 -1.635772406E-003  3.982688561E+000  3.983421022E+000 
 8.007050000E-001 -3.550231220E-004 -1.606377253E-003  3.982688329E+000  3.983421283E+000 
 8.007060000E-001 -3.797140380E-004 -1.577458164E-003  3.982688126E+000  3.983421519E+000 
 8.007070000E-001 -4.043969604E-004 -1.549111062E-003  3.982687952E+000  3.983421730E+000 
 8.007080000E-001 -4.290723332E-004 -1.521426540E-003  3.982687804E+000  3.983421916E+000 
 8.007090000E-001 -4.537397125E-004 -1.494505852E-003  3.982687684E+000  3.983422077E+000 
 8.007100000E-001 -4.783977658E-004 -1.468436039E-003  3.982687589E+000  3.983422214E+000 
 8.007110000E-001 -5.030469374E-004 -1.443314801E-003  3.982687519E+000  3.983422326E+000 
 8.007120000E-001 -5.276854509E-004 -1.419232731E-003  3.982687473E+000  3.983422413E+000 
 8.007130000E-001 -5.523141944E-004 -1.396280425E-003  3.982687449E+000  3.983422475E+000 
 8.007140000E-001 -5.769318356E-004 -1.374553804E-003  3.982687447E+000  3.983422512E+000 
 8.007150000E-001 -6.015383747E-004 -1.354139911E-003  3.982687464E+000  3.983422525E+000 
 8.007160000E-001 -6.261329233E-004 -1.335127564E-003  3.982687499E+000  3.983422514E+000 
 8.007170000E-001 -6.507154815E-004 -1.317610909E-003  3.982687551E+000  3.983422477E+000 
 8.007180000E-001 -6.752851611E-004 -1.301675212E-003  3.982687619E+000  3.983422417E+000 
 8.007190000E-001 -6.998410740E-004 -1.287407514E-003  3.982687699E+000  3.983422331E+000 
 8.007200000E-001 -7.243832201E-004 -1.274894856E-003  3.982687791E+000  3.983422221E+000 
 8.007210000E-001 -7.489115994E-004 -1.264222504E-003  3.982687893E+000  3.983422087E+000 
 8.007220000E-001 -7.734248797E-004 -1.255477500E-003  3.982688003E+000  3.983421929E+000 
 8.007230000E-001 -7.974878535E-004 -1.248778858E-003  3.982688119E+000  3.983421741E+000 
 8.007240000E-001 -8.195311096E-004 -1.242097980E-003  3.982688243E+000  3.983421532E+000 
 8.007250000E-001 -8.400995455E-004 -1.235401115E-003  3.982688371E+000  3.983421309E+000 
 8.007260000E-001 -8.587517364E-004 -1.228679380E-003  3.982688506E+000  3.983421069E+000 
 8.007270000E-001 -8.755622893E-004 -1.221932777E-003  3.982688647E+000  3.983420813E+000 
 8.007280000E-001 -8.906040350E-004 -1.215159529E-003  3.982688795E+000  3.983420543E+000 
 8.007290000E-001 -9.039533566E-004 -1.208364964E-003  3.982688950E+000  3.983420261E+000 
 8.007300000E-001 -9.156848613E-004 -1.201545530E-003  3.982689112E+000  3.983419968E+000 
 8.007310000E-001 -9.258753764E-004 -1.194704780E-003  3.982689280E+000  3.983419667E+000 
 8.007320000E-001 -9.346012853E-004 -1.187837384E-003  3.982689455E+000  3.983419357E+000 
 8.007330000E-001 -9.419394154E-004 -1.180946896E-003  3.982689636E+000  3.983419041E+000 
 8.007340000E-001 -9.479674823E-004 -1.174033315E-003  3.982689825E+000  3.983418720E+000 
 8.007350000E-001 -9.527632017E-004 -1.167096642E-003  3.982690020E+000  3.983418395E+000 
 8.007360000E-001 -9.564056214E-004 -1.160135099E-003  3.982690222E+000  3.983418068E+000 
 8.007370000E-001 -9.589720129E-004 -1.153152240E-003  3.982690431E+000  3.983417739E+000 
 8.007380000E-001 -9.605423124E-004 -1.146146289E-003  3.982690646E+000  3.983417409E+000 
 8.007390000E-001 -9.611946794E-004 -1.139115469E-003  3.982690868E+000  3.983417079E+000 
 8.007400000E-001 -9.610090501E-004 -1.132065108E-003  3.982691098E+000  3.983416750E+000 
 8.007410000E-001 -9.600644724E-004 -1.124991655E-003  3.982691334E+000  3.983416423E+000 
 8.007420000E-001 -9.584413263E-004 -1.117893333E-003  3.982691577E+000  3.983416098E+000 
 8.007430000E-001 -9.562186598E-004 -1.110775472E-003  3.982691826E+000  3.983415775E+000 
 8.007440000E-001 -9.534772971E-004 -1.103634517E-003  3.982692083E+000  3.983415457E+000 
 8.007450000E-001 -9.502962861E-004 -1.096470470E-003  3.982692347E+000  3.983415141E+000 
 8.007460000E-001 -9.467555628E-004 -1.089286883E-003  3.982692617E+000  3.983414830E+000 
 8.007470000E-001 -9.429359515E-004 -1.082080203E-003  3.982692895E+000  3.983414524E+000 
 8.007480000E-001 -9.389160560E-004 -1.074852207E-003  3.982693179E+000  3.983414221E+000 
 8.007490000E-001 -9.347767005E-004 -1.067602895E-003  3.982693471E+000  3.983413923E+000 
 8.007500000E-001 -9.305973769E-004 -1.060334043E-003  3.982693769E+000  3.983413630E+000 
 8.007510000E-001 -9.264575773E-004 -1.053042098E-003  3.982694075E+000  3.983413341E+000 
 8.007520000E-001 -9.224363495E-004 -1.045730613E-003  3.982694387E+000  3.983413056E+000 
 8.007530000E-001 -9.186131855E-004 -1.038396036E-003  3.982694707E+000  3.983412776E+000 
 8.007540000E-001 -9.150666891E-004 -1.031041919E-003  3.982695034E+000  3.983412499E+000 
 8.007550000E-001 -9.118763522E-004 -1.023670038E-003  3.982695367E+000  3.983412225E+000 
 8.007560000E-001 -9.091198905E-004 -1.016273288E-003  3.982695708E+000  3.983411954E+000 
 8.007570000E-001 -9.068745754E-004 -1.008858774E-003  3.982696056E+000  3.983411686E+000 
 8.007580000E-001 -9.052194549E-004 -1.001424721E-003  3.982696411E+000  3.983411419E+000 
 8.007590000E-001 -9.042309124E-004 -9.939693513E-004  3.982696773E+000  3.983411152E+000 
 8.007600000E-001 -9.039857751E-004 -9.864962180E-004  3.982697142E+000  3.983410887E+000 
 8.007610000E-001 -9.045599825E-004 -9.790017685E-004  3.982697518E+000  3.983410620E+000 
 8.007620000E-001 -9.060303618E-004 -9.714895555E-004  3.982697902E+000  3.983410352E+000 
 8.007630000E-001 -9.084710761E-004 -9.639578025E-004  3.982698292E+000  3.983410081E+000 
 8.007640000E-001 -9.119571764E-004 -9.564047332E-004  3.982698690E+000  3.983409806E+000 
 8.007650000E-001 -9.165632697E-004 -9.488339003E-004  3.982699095E+000  3.983409526E+000 
 8.007660000E-001 -9.223626307E-004 -9.412435276E-004  3.982699507E+000  3.983409241E+000 
 8.007670000E-001 -9.294276460E-004 -9.336353912E-004  3.982699926E+000  3.983408948E+000 
 8.007680000E-001 -9.378307020E-004 -9.260094913E-004  3.982700353E+000  3.983408646E+000 
 8.007690000E-001 -9.476437413E-004 -9.183640515E-004  3.982700787E+000  3.983408333E+000 
 8.007700000E-001 -9.589369299E-004 -9.107008481E-004  3.982701228E+000  3.983408010E+000 
 8.007710000E-001 -9.717799898E-004 -9.030198811E-004  3.982701676E+000  3.983407672E+000 
 8.007720000E-001 -9.862421990E-004 -8.953211506E-004  3.982702132E+000  3.983407320E+000 
 8.007730000E-001 -1.002392835E-003 -8.876028801E-004  3.982702595E+000  3.983406952E+000 
 8.007740000E-001 -1.020298068E-003 -8.798703988E-004  3.982703065E+000  3.983406564E+000 
 8.007750000E-001 -1.040025399E-003 -8.721166012E-004  3.982703542E+000  3.983406157E+000 
 8.007760000E-001 -1.061639665E-003 -8.643468163E-004  3.982704027E+000  3.983405727E+000 
 8.007770000E-001 -1.085206591E-003 -8.565628207E-004  3.982704519E+000  3.983405274E+000 
 8.007780000E-001 -1.110747938E-003 -8.481784164E-004  3.982705021E+000  3.983404787E+000 
 8.007790000E-001 -1.136236438E-003 -8.378133742E-004  3.982705535E+000  3.983404276E+000 
 8.007800000E-001 -1.161708063E-003 -8.260130357E-004  3.982706058E+000  3.983403746E+000 
 8.007810000E-001 -1.187156595E-003 -8.123635098E-004  3.982706595E+000  3.983403192E+000 
 8.007820000E-001 -1.212581147E-003 -7.969589433E-004  3.982707148E+000  3.983402612E+000 
 8.007830000E-001 -1.237982161E-003 -7.798899304E-004  3.982707718E+000  3.983402008E+000 
 8.007840000E-001 -1.263358307E-003 -7.612559472E-004  3.982708307E+000  3.983401379E+000 
 8.007850000E-001 -1.288709139E-003 -7.411493641E-004  3.982708917E+000  3.983400725E+000 
 8.007860000E-001 -1.314034659E-003 -7.196661045E-004  3.982709548E+000  3.983400046E+000 
 8.007870000E-001 -1.339333533E-003 -6.969020916E-004  3.982710201E+000  3.983399343E+000 
 8.007880000E-001 -1.364606206E-003 -6.729550250E-004  3.982710879E+000  3.983398616E+000 
 8.007890000E-001 -1.389851789E-003 -6.479190517E-004  3.982711582E+000  3.983397863E+000 
 8.007900000E-001 -1.415068951E-003 -6.218936477E-004  3.982712310E+000  3.983397087E+000 
 8.007910000E-001 -1.440259023E-003 -5.949729598E-004  3.982713065E+000  3.983396285E+000 
 8.007920000E-001 -1.465419341E-003 -5.672564640E-004  3.982713847E+000  3.983395460E+000 
 8.007930000E-001 -1.490551238E-003 -5.388418600E-004  3.982714658E+000  3.983394610E+000 
 8.007940000E-001 -1.515653381E-003 -5.098250710E-004  3.982715497E+000  3.983393736E+000 
 8.007950000E-001 -1.540724881E-003 -4.803037967E-004  3.982716365E+000  3.983392838E+000 
 8.007960000E-001 -1.565765739E-003 -4.503757367E-004  3.982717262E+000  3.983391916E+000 
 8.007970000E-001 -1.590775511E-003 -4.201385906E-004  3.982718189E+000  3.983390969E+000 
 8.007980000E-001 -1.615753753E-003 -3.896900580E-004  3.982719145E+000  3.983389999E+000 
 8.007990000E-001 -1.640699576E-003 -3.591278386E-004  3.982720131E+000  3.983389004E+000 
 8.008000000E-001 -1.665612981E-003 -3.285478556E-004  3.982721146E+000  3.983387986E+000 
 8.008010000E-001 -1.690492635E-003 -2.980460323E-004  3.982722192E+000  3.983386944E+000 
 8.008020000E-001 -1.715338982E-003 -2.677218447E-004  3.982723266E+000  3.983385878E+000 
 8.008030000E-001 -1.740151134E-003 -2.376712160E-004  3.982724369E+000  3.983384788E+000 
 8.008040000E-001 -1.764928648E-003 -2.079900696E-004  3.982725501E+000  3.983383674E+000 
 8.008050000E-001 -1.789670634E-003 -1.787725523E-004  3.982726660E+000  3.983382537E+000 
 8.008060000E-001 -1.814377093E-003 -1.501163638E-004  3.982727847E+000  3.983381377E+000 
 8.008070000E-001 -1.839047137E-003 -1.221156509E-004  3.982729060E+000  3.983380193E+000 
 8.008080000E-001 -1.863680765E-003 -9.486456065E-005  3.982730299E+000  3.983378985E+000 
 8.008090000E-001 -1.888277534E-003 -6.845546352E-005  3.982731562E+000  3.983377754E+000 
 8.008100000E-001 -1.912835668E-003 -4.298605916E-005  3.982732849E+000  3.983376500E+000 
 8.008110000E-001 -1.937356497E-003 -1.854516540E-005  3.982734159E+000  3.983375222E+000 
 8.008120000E-001 -1.961838247E-003  4.771294471E-006  3.982735491E+000  3.983373922E+000 
 8.008130000E-001 -1.986280473E-003  2.687450262E-005  3.982736843E+000  3.983372598E+000 
 8.008140000E-001 -2.010683620E-003  4.767386486E-005  3.982738213E+000  3.983371251E+000 
 8.008150000E-001 -2.035046354E-003  6.707701061E-005  3.982739601E+000  3.983369881E+000 
 8.008160000E-001 -2.059368231E-003  8.499689841E-005  3.982741004E+000  3.983368488E+000 
 8.008170000E-001 -2.083649697E-003  1.013429340E-004  3.982742422E+000  3.983367072E+000 
 8.008180000E-001 -2.107888974E-003  1.160280760E-004  3.982743852E+000  3.983365633E+000 
 8.008190000E-001 -2.132086063E-003  1.289670593E-004  3.982745293E+000  3.983364172E+000 
 8.008200000E-001 -2.156240964E-003  1.400710659E-004  3.982746743E+000  3.983362688E+000 
 8.008210000E-001 -2.180352787E-003  1.492566071E-004  3.982748199E+000  3.983361181E+000 
 8.008220000E-001 -2.204420202E-003  1.564401941E-004  3.982749660E+000  3.983359652E+000 
 8.008230000E-001 -2.228454310E-003  1.614033351E-004  3.982751124E+000  3.983358099E+000 
 8.008240000E-001 -2.250352349E-003  1.659419269E-004  3.982752591E+000  3.983356523E+000 
 8.008250000E-001 -2.270694743E-003  1.704787422E-004  3.982754061E+000  3.983354934E+000 
 8.008260000E-001 -2.289013423E-003  1.750102285E-004  3.982755533E+000  3.983353329E+000 
 8.008270000E-001 -2.305381663E-003  1.795381621E-004  3.982757009E+000  3.983351711E+000 
 8.008280000E-001 -2.319876291E-003  1.840625430E-004  3.982758487E+000  3.983350080E+000 
 8.008290000E-001 -2.332571913E-003  1.885833711E-004  3.982759969E+000  3.983348440E+000 
 8.008300000E-001 -2.343544914E-003  1.930988702E-004  3.982761454E+000  3.983346790E+000 
 8.008310000E-001 -2.352873452E-003  1.976108166E-004  3.982762941E+000  3.983345134E+000 
 8.008320000E-001 -2.360634355E-003  2.021192103E-004  3.982764432E+000  3.983343473E+000 
 8.008330000E-001 -2.366905782E-003  2.066240512E-004  3.982765926E+000  3.983341808E+000 
 8.008340000E-001 -2.371766783E-003  2.111235631E-004  3.982767423E+000  3.983340140E+000 
 8.008350000E-001 -2.375295072E-003  2.156159695E-004  3.982768922E+000  3.983338471E+000 
 8.008360000E-001 -2.377571473E-003  2.201065996E-004  3.982770425E+000  3.983336802E+000 
 8.008370000E-001 -2.378675035E-003  2.245936770E-004  3.982771931E+000  3.983335135E+000 
 8.008380000E-001 -2.378685693E-003  2.290718726E-004  3.982773440E+000  3.983333469E+000 
 8.008390000E-001 -2.377684272E-003  2.335500682E-004  3.982774951E+000  3.983331807E+000 
 8.008400000E-001 -2.375751151E-003  2.380211583E-004  3.982776466E+000  3.983330149E+000 
 8.008410000E-001 -2.372968044E-003  2.424851431E-004  3.982777983E+000  3.983328495E+000 
 8.008420000E-001 -2.369414887E-003  2.469455751E-004  3.982779504E+000  3.983326847E+000 
 8.008430000E-001 -2.365172946E-003  2.514024544E-004  3.982781028E+000  3.983325206E+000 
 8.008440000E-001 -2.360324380E-003  2.558522283E-004  3.982782554E+000  3.983323571E+000 
 8.008450000E-001 -2.354950901E-003  2.602966731E-004  3.982784083E+000  3.983321943E+000 
 8.008460000E-001 -2.349132888E-003  2.647357888E-004  3.982785615E+000  3.983320324E+000 
 8.008470000E-001 -2.342952499E-003  2.691695755E-004  3.982787151E+000  3.983318712E+000 
 8.008480000E-001 -2.336491001E-003  2.735980331E-004  3.982788689E+000  3.983317108E+000 
 8.008490000E-001 -2.329830551E-003  2.780211616E-004  3.982790230E+000  3.983315513E+000 
 8.008500000E-001 -2.323051973E-003  2.824371848E-004  3.982791773E+000  3.983313926E+000 
 8.008510000E-001 -2.316236980E-003  2.868478788E-004  3.982793320E+000  3.983312348E+000 
 8.008520000E-001 -2.309466396E-003  2.912514674E-004  3.982794869E+000  3.983310777E+000 
 8.008530000E-001 -2.302821045E-003  2.956497269E-004  3.982796422E+000  3.983309216E+000 
 8.008540000E-001 -2.296382196E-003  3.000426574E-004  3.982797977E+000  3.983307661E+000 
 8.008550000E-001 -2.290230228E-003  3.044284824E-004  3.982799535E+000  3.983306115E+000 
 8.008560000E-001 -2.284445078E-003  3.088072020E-004  3.982801096E+000  3.983304576E+000 
 8.008570000E-001 -2.279107125E-003  3.131823689E-004  3.982802660E+000  3.983303043E+000 
 8.008580000E-001 -2.274295863E-003  3.175468777E-004  3.982804226E+000  3.983301516E+000 
 8.008590000E-001 -2.270090338E-003  3.219060574E-004  3.982805795E+000  3.983299995E+000 
 8.008600000E-001 -2.266569599E-003  3.262599080E-004  3.982807367E+000  3.983298479E+000 
 8.008610000E-001 -2.263811361E-003  3.306066532E-004  3.982808942E+000  3.983296966E+000 
 8.008620000E-001 -2.261893783E-003  3.349462929E-004  3.982810520E+000  3.983295457E+000 
 8.008630000E-001 -2.260894583E-003  3.392788273E-004  3.982812100E+000  3.983293949E+000 
 8.008640000E-001 -2.260890586E-003  3.436042562E-004  3.982813683E+000  3.983292443E+000 
 8.008650000E-001 -2.261958176E-003  3.479225796E-004  3.982815269E+000  3.983290936E+000 
 8.008660000E-001 -2.264171961E-003  3.522337977E-004  3.982816857E+000  3.983289428E+000 
 8.008670000E-001 -2.267608323E-003  3.565361339E-004  3.982818449E+000  3.983287918E+000 
 8.008680000E-001 -2.272340538E-003  3.608331411E-004  3.982820043E+000  3.983286404E+000 
 8.008690000E-001 -2.278442768E-003  3.651230429E-004  3.982821639E+000  3.983284884E+000 
 8.008700000E-001 -2.285988732E-003  3.694040629E-004  3.982823239E+000  3.983283358E+000 
 8.008710000E-001 -2.295049040E-003  3.736779774E-004  3.982824841E+000  3.983281823E+000 
 8.008720000E-001 -2.305696523E-003  3.779430102E-004  3.982826445E+000  3.983280279E+000 
 8.008730000E-001 -2.318000902E-003  3.822009376E-004  3.982828053E+000  3.983278723E+000 
 8.008740000E-001 -2.332032345E-003  3.864517595E-004  3.982829663E+000  3.983277153E+000 
 8.008750000E-001 -2.347860129E-003  3.906919233E-004  3.982831275E+000  3.983275568E+000 
 8.008760000E-001 -2.365551310E-003  3.949267580E-004  3.982832890E+000  3.983273967E+000 
 8.008770000E-001 -2.385299069E-003  3.991580400E-004  3.982834508E+000  3.983272345E+000 
 8.008780000E-001 -2.405371458E-003  4.053344327E-004  3.982836133E+000  3.983270701E+000 
 8.008790000E-001 -2.425407875E-003  4.129212527E-004  3.982837763E+000  3.983269043E+000 
 8.008800000E-001 -2.445395442E-003  4.223252859E-004  3.982839401E+000  3.983267367E+000 
 8.008810000E-001 -2.465334159E-003  4.334559378E-004  3.982841050E+000  3.983265672E+000 
 8.008820000E-001 -2.485223582E-003  4.462243908E-004  3.982842711E+000  3.983263960E+000 
 8.008830000E-001 -2.505063712E-003  4.605364978E-004  3.982844386E+000  3.983262229E+000 
 8.008840000E-001 -2.524853215E-003  4.763016648E-004  3.982846075E+000  3.983260480E+000 
 8.008850000E-001 -2.544592093E-003  4.934257447E-004  3.982847781E+000  3.983258714E+000 
 8.008860000E-001 -2.564280788E-003  5.118181434E-004  3.982849503E+000  3.983256929E+000 
 8.008870000E-001 -2.583917524E-003  5.313829377E-004  3.982851244E+000  3.983255126E+000 
 8.008880000E-001 -2.603502747E-003  5.520277568E-004  3.982853005E+000  3.983253306E+000 
 8.008890000E-001 -2.623036455E-003  5.736584541E-004  3.982854786E+000  3.983251468E+000 
 8.008900000E-001 -2.642516872E-003  5.961826588E-004  3.982856588E+000  3.983249613E+000 
 8.008910000E-001 -2.661945331E-003  6.195026714E-004  3.982858412E+000  3.983247739E+000 
 8.008920000E-001 -2.681320055E-003  6.435243449E-004  3.982860259E+000  3.983245849E+000 
 8.008930000E-001 -2.700641488E-003  6.681553089E-004  3.982862129E+000  3.983243941E+000 
 8.008940000E-001 -2.719908299E-003  6.933014163E-004  3.982864022E+000  3.983242015E+000 
 8.008950000E-001 -2.739120930E-003  7.188667439E-004  3.982865940E+000  3.983240073E+000 
 8.008960000E-001 -2.758278939E-003  7.447571448E-004  3.982867881E+000  3.983238113E+000 
 8.008970000E-001 -2.777381880E-003  7.708749195E-004  3.982869847E+000  3.983236136E+000 
 8.008980000E-001 -2.796428422E-003  7.971312499E-004  3.982871837E+000  3.983234142E+000 
 8.008990000E-001 -2.815419897E-003  8.234284365E-004  3.982873851E+000  3.983232131E+000 
 8.009000000E-001 -2.834354973E-003  8.496705561E-004  3.982875890E+000  3.983230103E+000 
 8.009010000E-001 -2.853233205E-003  8.757687908E-004  3.982877952E+000  3.983228058E+000 
 8.009020000E-001 -2.872054150E-003  9.016254410E-004  3.982880039E+000  3.983225997E+000 
 8.009030000E-001 -2.890817807E-003  9.271516888E-004  3.982882148E+000  3.983223919E+000 
 8.009040000E-001 -2.909523733E-003  9.522480582E-004  3.982884281E+000  3.983221824E+000 
 8.009050000E-001 -2.928171039E-003  9.768275078E-004  3.982886435E+000  3.983219713E+000 
 8.009060000E-001 -2.946760169E-003  1.000794114E-003  3.982888611E+000  3.983217585E+000 
 8.009070000E-001 -2.965290236E-003  1.024059060E-003  3.982890808E+000  3.983215441E+000 
 8.009080000E-001 -2.983760794E-003  1.046528197E-003  3.982893025E+000  3.983213280E+000 
 8.009090000E-001 -3.002171400E-003  1.068114486E-003  3.982895260E+000  3.983211103E+000 
 8.009100000E-001 -3.020522943E-003  1.088723778E-003  3.982897514E+000  3.983208911E+000 
 8.009110000E-001 -3.038812757E-003  1.108269032E-003  3.982899784E+000  3.983206702E+000 
 8.009120000E-001 -3.057042175E-003  1.126659654E-003  3.982902070E+000  3.983204477E+000 
 8.009130000E-001 -3.075210753E-003  1.143810380E-003  3.982904370E+000  3.983202236E+000 
 8.009140000E-001 -3.093318046E-003  1.159630614E-003  3.982906684E+000  3.983199979E+000 
 8.009150000E-001 -3.111362723E-003  1.174033315E-003  3.982909008E+000  3.983197707E+000 
 8.009160000E-001 -3.129345671E-003  1.186936771E-003  3.982911342E+000  3.983195419E+000 
 8.009170000E-001 -3.147265559E-003  1.198250388E-003  3.982913685E+000  3.983193115E+000 
 8.009180000E-001 -3.165122386E-003  1.207892453E-003  3.982916034E+000  3.983190795E+000 
 8.009190000E-001 -3.182916597E-003  1.215779477E-003  3.982918387E+000  3.983188461E+000 
 8.009200000E-001 -3.200646415E-003  1.221829748E-003  3.982920743E+000  3.983186111E+000 
 8.009210000E-001 -3.218312283E-003  1.225958002E-003  3.982923101E+000  3.983183745E+000 
 8.009220000E-001 -3.235913759E-003  1.228087854E-003  3.982925457E+000  3.983181365E+000 
 8.009230000E-001 -3.253450398E-003  1.228137592E-003  3.982927809E+000  3.983178969E+000 
 8.009240000E-001 -3.271133586E-003  1.225913593E-003  3.982930156E+000  3.983176558E+000 
 8.009250000E-001 -3.286591443E-003  1.223005697E-003  3.982932496E+000  3.983174132E+000 
 8.009260000E-001 -3.300436813E-003  1.220080037E-003  3.982934833E+000  3.983171698E+000 
 8.009270000E-001 -3.312183861E-003  1.217125956E-003  3.982937163E+000  3.983169256E+000 
 8.009280000E-001 -3.321911635E-003  1.214148782E-003  3.982939489E+000  3.983166808E+000 
 8.009290000E-001 -3.329699627E-003  1.211148515E-003  3.982941809E+000  3.983164355E+000 
 8.009300000E-001 -3.335628662E-003  1.208123379E-003  3.982944123E+000  3.983161900E+000 
 8.009310000E-001 -3.339778676E-003  1.205071598E-003  3.982946433E+000  3.983159444E+000 
 8.009320000E-001 -3.342232269E-003  1.201996724E-003  3.982948737E+000  3.983156989E+000 
 8.009330000E-001 -3.343071153E-003  1.198896982E-003  3.982951035E+000  3.983154536E+000 
 8.009340000E-001 -3.342377042E-003  1.195774146E-003  3.982953328E+000  3.983152087E+000 
 8.009350000E-001 -3.340233867E-003  1.192626442E-003  3.982955616E+000  3.983149644E+000 
 8.009360000E-001 -3.336725118E-003  1.189453869E-003  3.982957898E+000  3.983147207E+000 
 8.009370000E-001 -3.331934284E-003  1.186256426E-003  3.982960175E+000  3.983144778E+000 
 8.009380000E-001 -3.325945741E-003  1.183037668E-003  3.982962446E+000  3.983142358E+000 
 8.009390000E-001 -3.318844310E-003  1.179790488E-003  3.982964712E+000  3.983139948E+000 
 8.009400000E-001 -3.310714369E-003  1.176523767E-003  3.982966972E+000  3.983137549E+000 
 8.009410000E-001 -3.301641627E-003  1.173230402E-003  3.982969226E+000  3.983135162E+000 
 8.009420000E-001 -3.291711348E-003  1.169913943E-003  3.982971475E+000  3.983132788E+000 
 8.009430000E-001 -3.281009242E-003  1.166572616E-003  3.982973718E+000  3.983130427E+000 
 8.009440000E-001 -3.269620574E-003  1.163209973E-003  3.982975956E+000  3.983128081E+000 
 8.009450000E-001 -3.257631498E-003  1.159822460E-003  3.982978188E+000  3.983125749E+000 
 8.009460000E-001 -3.245128610E-003  1.156411855E-003  3.982980415E+000  3.983123432E+000 
 8.009470000E-001 -3.232197177E-003  1.152976381E-003  3.982982635E+000  3.983121130E+000 
 8.009480000E-001 -3.218923794E-003  1.149517814E-003  3.982984850E+000  3.983118845E+000 
 8.009490000E-001 -3.205393284E-003  1.146036155E-003  3.982987060E+000  3.983116575E+000 
 8.009500000E-001 -3.191693132E-003  1.142533179E-003  3.982989263E+000  3.983114322E+000 
 8.009510000E-001 -3.177908159E-003  1.139005334E-003  3.982991461E+000  3.983112084E+000 
 8.009520000E-001 -3.164124518E-003  1.135454397E-003  3.982993653E+000  3.983109862E+000 
 8.009530000E-001 -3.150428363E-003  1.131880367E-003  3.982995840E+000  3.983107657E+000 
 8.009540000E-001 -3.136903626E-003  1.128281468E-003  3.982998020E+000  3.983105467E+000 
 8.009550000E-001 -3.123636017E-003  1.124663029E-003  3.983000195E+000  3.983103292E+000 
 8.009560000E-001 -3.110710800E-003  1.121021498E-003  3.983002364E+000  3.983101132E+000 
 8.009570000E-001 -3.098211909E-003  1.117353321E-003  3.983004527E+000  3.983098987E+000 
 8.009580000E-001 -3.086224165E-003  1.113665604E-003  3.983006684E+000  3.983096856E+000 
 8.009590000E-001 -3.074831501E-003  1.109954795E-003  3.983008836E+000  3.983094738E+000 
 8.009600000E-001 -3.064115628E-003  1.106220893E-003  3.983010981E+000  3.983092632E+000 
 8.009610000E-001 -3.054161812E-003  1.102463898E-003  3.983013120E+000  3.983090538E+000 
 8.009620000E-001 -3.045051322E-003  1.098685587E-003  3.983015254E+000  3.983088455E+000 
 8.009630000E-001 -3.036865870E-003  1.094885960E-003  3.983017382E+000  3.983086382E+000 
 8.009640000E-001 -3.029687612E-003  1.091061463E-003  3.983019503E+000  3.983084317E+000 
 8.009650000E-001 -3.023596928E-003  1.087217427E-003  3.983021619E+000  3.983082260E+000 
 8.009660000E-001 -3.018673755E-003  1.083350298E-003  3.983023729E+000  3.983080209E+000 
 8.009670000E-001 -3.014998473E-003  1.079460077E-003  3.983025832E+000  3.983078164E+000 
 8.009680000E-001 -3.012649685E-003  1.075548539E-003  3.983027930E+000  3.983076122E+000 
 8.009690000E-001 -3.011705108E-003  1.071617461E-003  3.983030022E+000  3.983074083E+000 
 8.009700000E-001 -3.012242900E-003  1.067661515E-003  3.983032107E+000  3.983072044E+000 
 8.009710000E-001 -3.014339001E-003  1.063684252E-003  3.983034187E+000  3.983070004E+000 
 8.009720000E-001 -3.018069794E-003  1.059685673E-003  3.983036260E+000  3.983067962E+000 
 8.009730000E-001 -3.023510331E-003  1.055667553E-003  3.983038327E+000  3.983065916E+000 
 8.009740000E-001 -3.030733886E-003  1.051626342E-003  3.983040388E+000  3.983063863E+000 
 8.009750000E-001 -3.039815066E-003  1.047562037E-003  3.983042443E+000  3.983061803E+000 
 8.009760000E-001 -3.050670383E-003  1.044185183E-003  3.983044492E+000  3.983059730E+000 
 8.009770000E-001 -3.061381815E-003  1.042709030E-003  3.983046538E+000  3.983057650E+000 
 8.009780000E-001 -3.072046617E-003  1.042606002E-003  3.983048584E+000  3.983055562E+000 
 8.009790000E-001 -3.082650579E-003  1.044279330E-003  3.983050630E+000  3.983053467E+000 
 8.009800000E-001 -3.093192813E-003  1.047643750E-003  3.983052679E+000  3.983051363E+000 
 8.009810000E-001 -3.103672874E-003  1.052612220E-003  3.983054731E+000  3.983049250E+000 
 8.009820000E-001 -3.114090319E-003  1.059099475E-003  3.983056789E+000  3.983047129E+000 
 8.009830000E-001 -3.124446035E-003  1.067016697E-003  3.983058853E+000  3.983045000E+000 
 8.009840000E-001 -3.134739579E-003  1.076276845E-003  3.983060925E+000  3.983042863E+000 
 8.009850000E-001 -3.144969174E-003  1.086792878E-003  3.983063006E+000  3.983040718E+000 
 8.009860000E-001 -3.155137041E-003  1.098475977E-003  3.983065097E+000  3.983038565E+000 
 8.009870000E-001 -3.165241402E-003  1.111237324E-003  3.983067199E+000  3.983036404E+000 
 8.009880000E-001 -3.175281815E-003  1.124989879E-003  3.983069314E+000  3.983034235E+000 
 8.009890000E-001 -3.185259168E-003  1.139644823E-003  3.983071442E+000  3.983032058E+000 
 8.009900000E-001 -3.195172571E-003  1.155108009E-003  3.983073583E+000  3.983029874E+000 
 8.009910000E-001 -3.205022470E-003  1.171295949E-003  3.983075739E+000  3.983027682E+000 
 8.009920000E-001 -3.214807531E-003  1.188116272E-003  3.983077909E+000  3.983025482E+000 
 8.009930000E-001 -3.224528644E-003  1.205481936E-003  3.983080096E+000  3.983023275E+000 
 8.009940000E-001 -3.234185364E-003  1.223300572E-003  3.983082298E+000  3.983021061E+000 
 8.009950000E-001 -3.243776803E-003  1.241483361E-003  3.983084516E+000  3.983018839E+000 
 8.009960000E-001 -3.253303404E-003  1.259941484E-003  3.983086751E+000  3.983016610E+000 
 8.009970000E-001 -3.262765169E-003  1.278586126E-003  3.983089002E+000  3.983014373E+000 
 8.009980000E-001 -3.272161653E-003  1.297326691E-003  3.983091269E+000  3.983012130E+000 
 8.009990000E-001 -3.281492411E-003  1.316074361E-003  3.983093554E+000  3.983009879E+000 
 8.010000000E-001 -3.290757000E-003  1.334740318E-003  3.983095854E+000  3.983007621E+000 
